301 191 3
301 258 3
301 283 3
301 286 3
301 481 3
301 484 3
301 515 3
301 604 3
302 258 3
302 269 3
302 289 2
302 300 2
302 316 2
302 326 2
302 328 2
302 333 2
302 875 2
303 268 4
303 269 4
303 286 4
303 294 4
303 303 4
303 305 4
303 306 4
303 319 4
303 333 4
303 340 4
303 343 3
303 995 3
304 22 5
304 64 5
304 143 5
304 172 5
304 194 5
304 215 5
304 286 5
304 427 5
304 604 5
304 606 5
304 705 5
305 87 4
305 137 4
305 288 3
305 327 3
305 475 3
305 690 3
305 750 3
306 126 4
306 151 4
306 252 3
306 255 3
306 405 3
306 471 3
306 597 3
306 846 3
307 118 4
307 125 4
307 181 4
307 220 4
307 252 4
307 258 4
307 286 4
307 298 4
307 476 3
307 546 3
307 756 3
307 845 3
307 926 3
308 269 4
308 301 4
308 313 4
308 336 3
308 353 3
309 288 3
309 294 3
309 307 3
309 310 3
309 335 3
309 343 3
309 346 3
309 682 3
309 689 3
309 690 3
309 750 3
309 880 3
310 50 4
310 112 3
310 133 3
310 300 3
310 411 3
310 473 3
310 756 3
311 111 4
311 151 4
311 251 4
311 257 4
311 259 3
311 271 3
311 272 3
311 736 4
312 7 5
312 149 4
312 224 5
312 268 5
312 275 5
312 290 5
312 300 5
312 475 5
312 740 5
313 272 3
313 286 3
313 289 3
313 310 3
313 313 3
313 323 3
313 328 3
313 690 3
313 873 3
314 258 5
314 272 5
314 288 4
314 300 4
314 319 4
314 350 4
314 748 4
315 117 4
315 125 4
315 259 4
315 294 3
315 301 3
315 321 3
315 326 3
315 339 3
315 340 3
315 359 3
315 410 3
315 597 3
315 687 3
316 14 4
316 25 3
316 124 3
316 272 3
316 285 3
316 286 3
316 508 3
317 272 4
317 305 4
317 315 4
317 321 4
317 340 4
318 22 5
318 98 5
318 245 5
318 286 5
318 288 5
318 294 5
318 301 4
318 311 4
318 347 4
318 515 4
318 525 4
318 752 4
319 258 4
319 289 3
319 308 3
319 310 3
319 326 3
319 332 3
319 338 3
319 342 3
319 538 3
319 682 3
319 690 3
319 877 3
320 262 4
320 271 3
320 288 3
320 294 3
320 302 4
320 307 4
320 325 4
320 333 4
320 340 4
320 343 4
320 879 4
321 100 5
321 150 4
321 151 4
321 168 4
321 198 4
321 205 4
321 216 4
321 222 4
321 288 4
321 302 4
321 313 4
321 455 4
321 538 4
321 628 4
322 21 2
322 147 2
322 151 3
322 222 3
322 405 3
322 410 3
322 473 3
322 742 3
322 815 3
323 261 3
323 300 3
323 322 3
323 409 3
323 456 3
323 687 3
323 881 3
323 948 3
324 245 1
324 270 2
324 289 2
324 301 2
324 303 2
324 307 2
324 309 2
324 748 2
325 111 3
325 237 3
325 271 2
325 275 3
325 278 2
325 288 2
325 294 2
325 298 2
325 313 3
325 681 3
325 763 2
325 893 2
326 14 4
326 25 4
326 116 4
326 235 4
326 242 4
326 283 4
326 306 4
326 319 4
326 321 4
326 756 4
326 864 4
327 258 4
327 286 4
327 300 4
327 304 3
327 324 3
327 331 3
328 14 4
328 24 4
328 181 5
328 251 4
328 258 4
328 274 4
328 536 4
329 264 4
329 268 4
329 288 3
329 313 3
329 322 3
329 323 3
329 328 3
329 350 3
329 678 3
329 748 3
330 261 2
330 267 2
330 269 3
330 301 3
330 302 3
330 313 3
330 333 3
330 689 3
330 750 3
330 879 3
330 880 3
331 1 5
331 5 5
331 7 5
331 8 5
331 9 5
331 12 5
331 22 5
331 31 5
331 38 5
331 44 5
331 53 5
331 54 5
331 56 5
331 70 5
331 73 5
331 77 5
331 79 5
331 82 5
331 95 5
331 96 5
331 97 5
331 98 5
331 105 5
331 106 5
331 117 5
331 120 5
331 121 5
331 122 4
331 123 4
331 125 4
331 127 5
331 144 5
331 148 5
331 156 5
331 159 5
331 172 5
331 174 5
331 181 5
331 182 5
331 195 5
331 204 5
331 218 5
331 222 5
331 227 5
331 229 5
331 230 5
331 232 5
331 233 5
331 235 5
331 237 5
331 240 5
331 249 5
331 252 5
331 255 5
331 257 5
331 258 5
331 264 5
331 265 5
331 271 5
331 273 5
331 284 5
331 288 5
331 291 5
331 293 5
331 294 5
331 295 5
331 300 5
331 307 5
331 313 5
331 322 5
331 326 5
331 327 5
331 332 5
331 333 5
331 342 5
331 354 5
331 356 5
331 369 5
331 370 5
331 405 5
331 406 5
331 409 5
331 410 5
331 431 5
331 449 5
331 450 5
331 451 5
331 452 5
331 456 5
331 470 5
331 546 5
331 566 5
331 595 5
331 597 5
331 628 5
331 651 5
331 655 5
331 660 5
331 679 5
331 682 5
331 684 5
331 693 5
331 696 5
331 717 5
331 728 5
331 742 5
331 746 5
331 756 5
331 763 5
331 770 5
331 815 5
331 824 5
331 827 5
331 831 5
331 833 5
331 840 5
331 841 5
331 845 5
331 866 5
331 871 5
331 879 5
331 895 5
331 928 5
331 931 5
331 934 5
331 975 5
331 978 5
331 982 5
331 983 5
332 66 4
332 79 4
332 88 4
332 98 4
332 174 4
332 180 4
332 269 4
332 315 4
332 316 4
332 513 4
332 739 4
332 873 4
332 894 4
333 4 3
333 7 3
333 8 3
333 9 4
333 19 4
333 20 3
333 22 4
333 23 4
333 28 4
333 42 4
333 50 4
333 52 4
333 56 4
333 58 4
333 59 4
333 61 4
333 68 4
333 69 4
333 70 3
333 72 3
333 73 3
333 74 3
333 77 3
333 79 3
333 81 3
333 82 3
333 83 3
333 86 3
333 89 3
333 91 3
333 93 3
333 95 3
333 98 3
333 100 3
333 111 3
333 115 3
333 116 3
333 117 3
333 124 3
333 125 3
333 127 3
333 131 3
333 132 3
333 134 3
333 135 3
333 143 3
333 151 3
333 153 3
333 154 3
333 155 3
333 160 3
333 163 3
333 164 3
333 168 3
333 169 3
333 170 3
333 171 3
333 172 3
333 173 3
333 174 3
333 175 3
333 176 3
333 179 3
333 181 3
333 182 3
333 183 3
333 185 3
333 186 3
333 191 3
333 196 3
333 197 4
333 200 4
333 203 4
333 204 4
333 207 4
333 210 4
333 213 4
333 216 3
333 217 3
333 220 3
333 221 3
333 223 3
333 224 3
333 225 3
333 227 3
333 228 3
333 229 3
333 230 3
333 231 3
333 235 3
333 237 3
333 238 3
333 244 3
333 245 3
333 248 3
333 250 3
333 255 3
333 257 3
333 258 3
333 265 3
333 268 3
333 269 3
333 271 3
333 272 3
333 275 3
333 276 3
333 277 3
333 282 3
333 283 3
333 285 3
333 286 3
333 287 3
333 288 3
333 289 3
333 293 3
333 297 3
333 300 3
333 302 3
333 303 3
333 305 3
333 310 3
333 311 3
333 312 3
333 313 3
333 315 3
333 316 3
333 317 3
333 318 3
333 319 3
333 322 3
333 324 3
333 326 3
333 328 3
333 333 3
333 337 3
333 338 3
333 340 3
333 345 3
333 346 3
333 347 3
333 371 3
333 387 3
333 396 3
333 405 3
333 408 3
333 421 3
333 423 3
333 425 3
333 427 3
333 428 3
333 429 3
333 430 3
333 433 3
333 436 3
333 443 3
333 449 3
333 450 3
333 461 3
333 462 3
333 474 3
333 475 3
333 476 3
333 481 3
333 483 3
333 484 3
333 485 3
333 488 3
333 494 3
333 498 3
333 500 3
333 502 3
333 505 3
333 508 3
333 510 3
333 512 3
333 514 3
333 515 3
333 521 3
333 525 3
333 529 3
333 531 3
333 537 3
333 553 3
333 558 3
333 566 3
333 569 3
333 577 3
333 582 3
333 591 3
333 603 3
333 606 3
333 607 3
333 608 3
333 620 3
333 628 3
333 629 3
333 631 3
333 634 3
333 635 3
333 640 3
333 642 3
333 652 3
333 655 3
333 657 3
333 658 3
333 675 3
333 678 3
333 684 3
333 689 3
333 693 3
333 707 3
333 708 3
333 709 3
333 710 3
333 712 3
333 716 3
333 736 3
333 740 3
333 742 3
333 744 3
333 746 3
333 753 3
333 762 3
333 792 3
333 815 3
333 840 3
333 845 3
333 846 3
333 855 3
333 856 3
333 865 3
333 870 3
333 877 3
333 879 3
333 886 3
333 887 3
333 888 3
333 896 3
333 899 3
333 902 3
333 905 3
333 906 3
333 922 3
333 931 3
333 936 3
333 937 3
333 945 3
333 950 3
333 961 3
333 969 3
334 245 2
334 269 3
334 271 2
334 288 2
334 300 2
334 313 3
334 322 3
334 323 2
334 328 2
334 333 3
334 902 3
335 3 2
335 4 2
335 13 3
335 26 3
335 33 3
335 41 3
335 49 3
335 56 3
335 66 3
335 70 3
335 88 3
335 94 3
335 100 3
335 105 3
335 108 3
335 111 3
335 117 3
335 121 3
335 122 3
335 124 3
335 125 3
335 151 3
335 153 3
335 154 3
335 158 3
335 168 3
335 186 3
335 202 3
335 204 3
335 208 3
335 216 3
335 232 3
335 237 3
335 239 3
335 275 3
335 276 3
335 282 3
335 284 3
335 288 3
335 290 3
335 367 3
335 383 3
335 388 3
335 395 3
335 399 3
335 401 3
335 405 3
335 410 3
335 475 3
335 546 3
335 571 3
335 577 3
335 619 3
335 628 3
335 655 3
335 692 3
335 710 3
335 722 3
335 732 3
335 738 3
335 742 3
335 762 3
335 763 3
335 765 3
335 780 3
335 781 3
335 790 3
335 796 3
335 824 3
335 845 3
335 859 3
335 926 3
335 959 3
335 998 3
336 15 4
336 121 4
336 125 4
336 127 4
336 135 4
336 222 4
336 228 4
336 229 4
336 235 3
336 371 3
336 449 3
336 450 3
336 471 3
336 515 3
336 520 3
336 631 3
336 742 3
336 831 3
337 52 4
337 56 4
337 79 4
337 83 4
337 100 5
337 132 5
337 133 5
337 134 5
337 168 5
337 170 5
337 175 5
337 180 5
337 189 5
337 194 5
337 196 5
337 197 5
337 204 5
337 208 5
337 211 5
337 212 5
337 213 5
337 216 5
337 269 5
337 286 5
337 294 5
337 301 5
337 306 5
337 310 5
337 408 5
337 435 5
337 462 5
337 483 5
337 484 5
337 486 5
337 488 5
337 490 5
337 494 5
337 498 5
337 511 5
337 513 5
337 514 5
337 516 5
337 523 5
337 525 5
337 603 5
337 606 5
337 607 5
337 613 5
337 650 5
337 654 5
337 663 5
337 708 5
337 792 5
337 945 5
338 1 4
338 4 4
338 5 4
338 7 4
338 11 4
338 12 4
338 22 4
338 23 4
338 25 4
338 28 4
338 29 4
338 30 4
338 32 4
338 42 4
338 45 4
338 47 4
338 50 4
338 55 4
338 56 4
338 58 4
338 64 4
338 65 4
338 67 4
338 69 4
338 73 4
338 74 4
338 76 4
338 79 4
338 80 4
338 81 4
338 86 4
338 88 4
338 89 4
338 91 4
338 97 4
338 98 4
338 99 4
338 100 4
338 101 4
338 117 4
338 121 4
338 124 4
338 126 4
338 127 4
338 130 4
338 131 4
338 132 4
338 133 4
338 134 4
338 135 4
338 136 4
338 139 4
338 145 4
338 150 4
338 151 4
338 153 4
338 154 4
338 156 4
338 157 4
338 160 4
338 161 4
338 163 4
338 167 4
338 168 4
338 170 4
338 173 4
338 174 4
338 175 4
338 179 4
338 180 4
338 181 4
338 182 4
338 183 4
338 185 4
338 186 4
338 188 4
338 190 4
338 191 4
338 192 4
338 194 4
338 195 4
338 196 4
338 197 4
338 198 4
338 203 4
338 204 4
338 205 4
338 208 4
338 209 4
338 214 4
338 222 4
338 226 4
338 227 4
338 228 4
338 231 4
338 233 4
338 234 4
338 235 4
338 238 4
338 240 4
338 257 4
338 258 4
338 265 4
338 269 4
338 270 4
338 276 4
338 286 4
338 288 4
338 298 4
338 317 4
338 327 4
338 347 4
338 357 4
338 380 4
338 383 4
338 402 4
338 403 4
338 404 4
338 410 4
338 411 4
338 415 4
338 423 4
338 427 4
338 428 4
338 431 4
338 433 4
338 435 4
338 436 4
338 447 4
338 451 4
338 461 4
338 469 4
338 474 4
338 475 4
338 478 4
338 479 4
338 483 4
338 484 4
338 485 4
338 488 4
338 496 4
338 498 4
338 503 4
338 508 4
338 509 4
338 511 4
338 514 4
338 515 4
338 516 4
338 521 4
338 522 4
338 523 4
338 525 4
338 527 4
338 528 4
338 530 4
338 546 4
338 549 4
338 550 4
338 566 4
338 568 4
338 573 4
338 582 4
338 589 4
338 603 4
338 607 4
338 614 4
338 631 4
338 632 4
338 636 4
338 637 4
338 640 4
338 642 4
338 649 4
338 650 4
338 655 4
338 657 4
338 661 4
338 663 4
338 673 4
338 675 4
338 678 4
338 702 4
338 709 4
338 735 4
338 737 4
338 739 4
338 772 4
338 806 4
338 823 4
338 845 4
338 856 4
338 939 4
338 942 4
338 961 4
339 15 4
339 50 4
339 71 4
339 88 4
339 143 4
339 172 4
339 173 4
339 179 4
339 180 4
339 181 4
339 186 4
339 199 4
339 204 4
339 402 4
339 405 4
339 417 4
339 418 4
339 435 4
339 486 4
339 502 4
339 504 4
339 520 4
339 526 4
339 588 4
339 662 4
339 946 4
340 3 2
340 4 3
340 7 3
340 8 3
340 11 3
340 13 3
340 15 3
340 23 3
340 25 3
340 26 3
340 28 3
340 32 3
340 47 3
340 56 3
340 58 3
340 68 3
340 92 3
340 95 3
340 108 3
340 111 3
340 122 3
340 123 3
340 124 3
340 125 3
340 129 3
340 131 3
340 132 3
340 133 3
340 134 3
340 135 3
340 143 3
340 144 3
340 156 3
340 160 3
340 174 3
340 175 3
340 179 3
340 189 3
340 191 3
340 192 3
340 193 3
340 194 3
340 196 3
340 197 3
340 204 3
340 208 3
340 209 3
340 212 3
340 216 3
340 223 3
340 237 3
340 238 3
340 240 3
340 248 3
340 251 3
340 255 3
340 257 3
340 274 3
340 276 3
340 282 3
340 286 3
340 287 3
340 288 3
340 289 3
340 297 3
340 298 3
340 301 3
340 319 3
340 320 3
340 327 3
340 357 3
340 367 3
340 378 3
340 381 3
340 382 3
340 408 3
340 410 3
340 421 3
340 423 3
340 427 3
340 433 3
340 461 3
340 478 3
340 482 3
340 487 3
340 496 3
340 499 3
340 508 3
340 517 3
340 518 3
340 523 3
340 531 3
340 535 3
340 544 3
340 547 3
340 558 3
340 574 3
340 581 3
340 584 3
340 591 3
340 606 3
340 607 3
340 654 3
340 655 3
340 656 3
340 657 3
340 663 3
340 692 3
340 699 3
340 723 3
340 724 3
340 727 3
340 732 3
340 746 3
340 756 3
340 762 3
340 764 3
340 772 3
340 789 3
340 792 3
340 813 3
340 815 3
340 818 3
340 844 3
340 846 3
340 866 3
340 873 3
340 875 3
340 928 3
340 950 3
340 952 3
340 965 3
340 974 3
340 975 3
341 1 4
341 3 3
341 4 4
341 8 4
341 9 4
341 10 4
341 11 4
341 12 4
341 20 4
341 23 4
341 25 4
341 26 4
341 28 4
341 38 4
341 42 4
341 47 4
341 48 4
341 50 4
341 52 4
341 53 4
341 55 4
341 56 4
341 57 4
341 58 4
341 62 4
341 65 4
341 66 4
341 67 4
341 68 4
341 69 4
341 76 4
341 79 4
341 81 4
341 82 4
341 83 4
341 86 4
341 87 4
341 88 4
341 89 4
341 90 4
341 97 4
341 98 4
341 100 4
341 117 4
341 118 4
341 121 4
341 124 4
341 127 4
341 130 4
341 132 4
341 134 4
341 135 4
341 137 4
341 143 4
341 144 4
341 147 4
341 152 4
341 154 4
341 155 4
341 156 4
341 159 4
341 163 4
341 164 4
341 168 4
341 169 4
341 174 4
341 175 4
341 176 4
341 177 4
341 179 4
341 180 4
341 186 4
341 187 4
341 188 4
341 189 4
341 193 4
341 194 4
341 196 4
341 197 4
341 199 4
341 200 4
341 208 4
341 211 4
341 214 4
341 223 4
341 228 4
341 229 4
341 231 4
341 234 4
341 235 4
341 236 4
341 237 4
341 238 4
341 241 4
341 250 4
341 257 4
341 265 4
341 269 4
341 275 4
341 276 4
341 277 4
341 283 4
341 288 4
341 297 4
341 303 4
341 306 4
341 318 4
341 333 4
341 334 4
341 357 4
341 358 4
341 367 4
341 371 4
341 375 4
341 382 4
341 385 4
341 408 4
341 410 4
341 423 4
341 427 4
341 429 4
341 435 4
341 449 4
341 458 4
341 462 4
341 463 4
341 471 4
341 473 4
341 474 4
341 475 4
341 476 4
341 483 4
341 498 4
341 499 4
341 508 4
341 510 4
341 515 4
341 521 4
341 523 4
341 527 4
341 528 4
341 530 4
341 536 4
341 546 4
341 555 4
341 559 4
341 561 4
341 568 4
341 569 4
341 581 4
341 582 4
341 606 4
341 614 4
341 631 4
341 642 4
341 654 4
341 655 4
341 657 4
341 660 4
341 684 4
341 702 4
341 703 4
341 708 4
341 712 4
341 724 4
341 727 4
341 729 4
341 739 4
341 744 4
341 747 4
341 778 4
341 786 4
341 792 4
341 823 4
341 919 4
341 921 4
341 930 4
341 931 4
341 943 4
341 950 4
341 951 4
341 961 4
341 980 4
342 1 4
342 4 4
342 5 4
342 7 4
342 8 4
342 9 4
342 11 4
342 12 4
342 13 4
342 14 4
342 22 4
342 25 4
342 26 4
342 39 4
342 45 4
342 58 4
342 70 4
342 71 4
342 73 4
342 79 4
342 86 4
342 87 4
342 88 4
342 89 4
342 95 4
342 96 4
342 97 4
342 106 4
342 111 4
342 118 4
342 119 4
342 121 4
342 122 4
342 124 4
342 125 4
342 127 4
342 129 4
342 132 4
342 137 4
342 148 4
342 151 4
342 172 4
342 174 4
342 175 4
342 176 4
342 181 4
342 183 4
342 190 4
342 191 4
342 195 4
342 196 4
342 198 4
342 203 4
342 204 4
342 208 4
342 210 4
342 213 4
342 216 4
342 228 4
342 237 4
342 244 4
342 245 4
342 246 4
342 248 4
342 251 4
342 255 4
342 268 4
342 269 4
342 272 4
342 273 4
342 274 4
342 275 4
342 276 4
342 278 4
342 280 4
342 281 4
342 283 4
342 284 4
342 285 4
342 286 4
342 288 4
342 291 4
342 295 4
342 297 4
342 298 4
342 301 4
342 303 4
342 304 4
342 306 4
342 311 4
342 313 4
342 315 4
342 316 4
342 322 4
342 357 4
342 367 4
342 372 4
342 385 4
342 405 4
342 421 4
342 451 4
342 459 4
342 462 4
342 471 4
342 472 4
342 476 4
342 477 4
342 478 4
342 479 4
342 486 4
342 487 4
342 494 4
342 508 4
342 509 4
342 516 4
342 535 4
342 537 4
342 559 4
342 562 4
342 568 4
342 597 4
342 619 4
342 647 4
342 660 4
342 678 4
342 684 4
342 694 4
342 696 4
342 707 4
342 708 4
342 709 4
342 713 4
342 716 4
342 742 4
342 751 4
342 764 4
342 844 4
342 845 4
342 864 4
342 896 4
342 926 4
342 928 4
342 955 4
342 972 4
343 1 3
343 4 3
343 5 3
343 9 3
343 11 3
343 13 3
343 14 4
343 15 4
343 25 4
343 26 4
343 28 4
343 33 4
343 43 4
343 44 4
343 48 4
343 49 4
343 50 4
343 51 4
343 56 4
343 64 4
343 65 4
343 66 4
343 69 4
343 70 4
343 71 4
343 77 4
343 79 4
343 81 4
343 87 4
343 93 3
343 98 3
343 100 4
343 111 4
343 117 4
343 121 4
343 124 4
343 125 4
343 126 4
343 131 4
343 132 4
343 137 4
343 143 4
343 148 4
343 151 4
343 170 4
343 172 4
343 173 4
343 174 4
343 191 4
343 196 4
343 202 4
343 204 4
343 216 4
343 220 4
343 221 3
343 223 3
343 226 3
343 234 3
343 237 3
343 239 3
343 241 3
343 245 3
343 246 3
343 251 3
343 255 3
343 258 3
343 262 3
343 268 3
343 269 3
343 272 3
343 274 3
343 278 3
343 280 3
343 282 3
343 283 3
343 284 3
343 285 3
343 287 3
343 288 3
343 289 3
343 291 3
343 293 3
343 294 3
343 295 3
343 297 3
343 298 3
343 300 3
343 301 3
343 302 3
343 303 3
343 305 3
343 311 3
343 312 3
343 313 3
343 315 3
343 317 3
343 323 3
343 325 3
343 332 3
343 333 3
343 356 3
343 365 3
343 367 3
343 378 3
343 381 3
343 382 3
343 387 3
343 402 3
343 403 3
343 405 3
343 416 3
343 433 3
343 443 3
343 451 3
343 461 3
343 464 3
343 471 3
343 473 3
343 476 3
343 479 3
343 481 3
343 485 3
343 498 3
343 518 3
343 535 3
343 559 3
343 566 3
343 568 3
343 582 3
343 620 3
343 639 3
343 651 3
343 655 3
343 660 3
343 676 3
343 696 3
343 702 3
343 708 3
343 709 3
343 715 3
343 716 3
343 722 3
343 724 3
343 732 3
343 736 3
343 737 3
343 738 3
343 739 3
343 742 3
343 744 3
343 747 3
343 748 3
343 762 3
343 781 3
343 845 3
343 846 3
343 866 3
343 879 3
343 886 3
343 903 3
343 919 3
343 949 3
343 955 3
343 956 3
343 972 3
344 2 3
344 3 3
344 4 3
344 11 3
344 17 3
344 22 3
344 29 3
344 31 3
344 33 3
344 38 3
344 50 3
344 53 3
344 54 3
344 55 3
344 56 3
344 62 3
344 64 3
344 67 3
344 72 3
344 76 3
344 77 3
344 83 3
344 89 3
344 91 3
344 92 3
344 94 3
344 97 3
344 98 3
344 100 3
344 110 3
344 117 3
344 121 3
344 127 3
344 128 3
344 132 3
344 133 3
344 134 3
344 141 3
344 143 3
344 144 3
344 147 3
344 153 3
344 156 3
344 157 3
344 158 3
344 161 3
344 167 3
344 168 3
344 172 3
344 173 3
344 174 3
344 180 3
344 181 3
344 183 3
344 184 3
344 186 3
344 187 3
344 188 3
344 203 3
344 204 3
344 210 3
344 213 3
344 215 3
344 216 3
344 218 3
344 219 3
344 232 3
344 234 3
344 237 3
344 240 3
344 241 3
344 245 3
344 250 3
344 259 3
344 265 3
344 273 3
344 276 3
344 288 3
344 291 3
344 293 3
344 294 3
344 300 3
344 302 3
344 318 3
344 322 3
344 325 3
344 333 3
344 358 3
344 363 3
344 366 3
344 369 3
344 385 3
344 391 3
344 392 3
344 394 3
344 403 3
344 405 3
344 415 3
344 423 3
344 431 3
344 455 3
344 470 3
344 496 3
344 518 3
344 520 3
344 541 3
344 546 3
344 549 3
344 550 3
344 561 3
344 569 3
344 571 3
344 572 3
344 576 3
344 578 3
344 582 3
344 597 3
344 616 3
344 636 3
344 657 3
344 669 3
344 684 3
344 685 3
344 712 3
344 727 3
344 732 3
344 739 3
344 742 3
344 743 3
344 746 3
344 748 3
344 780 3
344 785 3
344 802 3
344 809 3
344 831 3
344 842 3
344 932 3
344 944 3
344 951 3
344 959 3
344 967 3
344 977 3
345 1 4
345 7 4
345 12 4
345 15 4
345 17 4
345 22 4
345 24 4
345 25 4
345 28 4
345 31 4
345 50 4
345 55 4
345 56 4
345 65 4
345 70 4
345 73 4
345 76 4
345 77 4
345 82 4
345 85 4
345 87 4
345 91 4
345 96 4
345 97 4
345 98 4
345 99 4
345 100 4
345 117 4
345 118 4
345 125 4
345 127 4
345 132 4
345 137 4
345 144 4
345 151 4
345 156 4
345 157 4
345 159 4
345 163 4
345 164 4
345 168 4
345 172 4
345 173 4
345 174 4
345 177 4
345 181 4
345 182 4
345 183 4
345 187 4
345 188 4
345 192 4
345 195 4
345 200 4
345 202 4
345 203 4
345 204 4
345 208 4
345 215 4
345 216 4
345 223 4
345 226 4
345 227 4
345 230 4
345 233 4
345 235 4
345 239 4
345 240 4
345 241 4
345 246 4
345 252 4
345 257 4
345 258 4
345 268 4
345 271 4
345 273 4
345 276 4
345 280 4
345 286 4
345 288 4
345 290 4
345 291 4
345 293 4
345 294 4
345 298 4
345 317 4
345 318 4
345 323 4
345 324 4
345 328 4
345 333 4
345 356 4
345 369 4
345 371 4
345 385 4
345 386 4
345 392 4
345 403 4
345 404 4
345 405 4
345 410 4
345 416 4
345 423 4
345 432 4
345 435 4
345 460 4
345 462 4
345 465 4
345 468 4
345 470 4
345 471 4
345 472 4
345 475 4
345 501 4
345 508 4
345 544 4
345 550 4
345 568 4
345 588 4
345 597 4
345 609 4
345 655 4
345 660 4
345 685 4
345 686 4
345 689 4
345 692 4
345 699 4
345 721 4
345 735 4
345 742 4
345 756 4
345 763 4
345 806 4
345 819 4
345 820 4
345 827 4
345 829 4
345 831 4
345 871 4
345 879 4
345 928 4
345 930 4
345 943 4
345 959 4
345 977 4
345 982 4
346 7 4
346 15 4
346 100 4
346 107 4
346 118 4
346 121 4
346 123 4
346 126 4
346 147 4
346 225 4
346 240 4
346 243 4
346 245 4
346 276 4
346 288 4
346 294 4
346 313 4
346 323 4
346 368 3
346 370 3
346 405 3
346 409 3
346 412 3
346 472 3
346 473 3
346 476 3
346 546 3
346 628 3
346 756 3
346 831 3
346 834 3
346 924 3
346 926 3
346 928 3
346 934 3
346 974 3
346 988 3
347 9 4
347 10 3
347 15 4
347 20 3
347 100 4
347 118 3
347 120 3
347 121 3
347 125 3
347 237 3
347 288 3
347 411 3
347 412 3
347 455 3
347 471 3
347 596 3
347 847 3
348 1 4
348 23 5
348 50 5
348 89 5
348 132 5
348 136 5
348 153 5
348 168 5
348 172 5
348 173 5
348 174 5
348 176 5
348 183 5
348 185 5
348 193 5
348 204 5
348 210 5
348 214 5
348 258 5
348 265 5
348 271 5
348 340 5
348 479 5
348 480 5
348 483 5
348 489 5
348 515 5
348 589 5
348 604 5
348 616 5
348 654 5
348 657 5
349 245 3
349 286 4
349 288 4
349 289 4
349 300 4
349 310 4
349 312 4
349 322 4
349 323 4
349 327 4
349 328 4
349 332 4
349 340 4
349 341 4
349 343 4
349 359 4
349 678 4
349 748 4
349 750 4
349 751 4
349 873 4
349 879 4
349 882 4
349 888 4
349 989 4
349 990 4
350 7 4
350 12 4
350 50 4
350 55 4
350 56 4
350 79 4
350 82 4
350 86 4
350 89 4
350 98 4
350 100 4
350 144 4
350 156 4
350 172 4
350 173 4
350 176 4
350 181 4
350 182 4
350 195 4
350 216 4
350 228 4
350 234 4
350 302 4
350 385 4
350 568 4
350 653 4
350 657 4
350 692 4
351 258 4
351 260 3
351 270 3
351 272 3
351 286 3
351 300 3
351 316 3
351 326 3
351 327 3
351 333 3
351 343 3
351 750 3
351 905 3
352 7 4
352 9 4
352 14 5
352 19 4
352 20 4
352 25 4
352 32 4
352 42 4
352 47 4
352 50 4
352 52 4
352 57 4
352 58 4
352 59 4
352 60 4
352 61 4
352 66 4
352 70 4
352 79 4
352 81 4
352 83 4
352 87 4
352 88 4
352 89 4
352 93 4
352 98 4
352 100 4
352 109 4
352 116 4
352 124 4
352 131 4
352 133 4
352 134 4
352 135 4
352 136 4
352 137 4
352 143 4
352 149 4
352 151 4
352 152 4
352 153 4
352 154 4
352 162 4
352 166 4
352 168 4
352 169 4
352 173 4
352 174 4
352 175 4
352 180 4
352 186 4
352 189 4
352 190 4
352 191 4
352 193 4
352 197 4
352 199 4
352 202 4
352 208 4
352 209 4
352 211 4
352 213 4
352 216 4
352 238 4
352 241 4
352 242 4
352 246 4
352 248 4
352 251 4
352 255 4
352 257 4
352 258 4
352 268 4
352 270 4
352 272 4
352 275 4
352 276 4
352 281 4
352 285 4
352 286 4
352 287 4
352 297 4
352 305 4
352 306 4
352 308 4
352 311 4
352 313 4
352 318 4
352 321 4
352 344 4
352 382 4
352 414 4
352 419 4
352 421 4
352 423 4
352 428 4
352 429 4
352 435 4
352 462 4
352 463 4
352 464 4
352 473 4
352 478 4
352 479 4
352 480 4
352 483 4
352 485 4
352 487 4
352 489 4
352 494 4
352 496 4
352 497 4
352 498 4
352 507 4
352 508 4
352 509 4
352 511 4
352 513 4
352 515 4
352 516 4
352 518 4
352 520 4
352 528 4
352 529 4
352 531 4
352 533 4
352 558 4
352 582 4
352 584 4
352 602 4
352 603 4
352 604 4
352 606 4
352 607 4
352 629 4
352 631 4
352 638 4
352 650 4
352 651 4
352 652 4
352 657 4
352 659 4
352 660 4
352 661 4
352 664 4
352 692 4
352 694 4
352 699 4
352 702 4
352 705 4
352 707 4
352 709 4
352 716 4
352 732 4
352 733 4
352 735 4
352 736 4
352 737 4
352 740 4
352 753 4
352 792 4
352 811 4
352 847 4
352 855 4
352 863 4
352 882 4
352 889 4
352 900 4
352 929 4
352 953 4
352 955 4
352 956 4
352 958 4
352 962 4
353 242 4
353 260 4
353 286 4
353 288 3
353 306 3
353 329 4
353 358 4
353 681 4
353 872 3
354 292 4
354 313 4
354 315 4
354 316 4
354 326 4
354 328 4
354 331 4
354 689 4
354 937 4
355 1 4
355 7 4
355 24 4
355 111 4
355 117 4
355 118 4
355 125 4
355 126 4
355 147 4
355 150 4
355 151 4
355 220 4
355 222 4
355 235 4
355 237 4
355 245 4
355 258 4
355 270 4
355 273 4
355 274 4
355 275 4
355 280 4
355 287 4
355 304 4
355 326 4
355 334 4
355 405 4
355 407 4
355 411 4
355 455 4
355 456 4
355 471 4
355 472 4
355 473 4
355 476 4
355 546 4
355 597 4
355 687 4
355 713 4
355 744 4
355 760 4
355 819 4
355 820 4
355 831 4
355 833 4
355 864 4
355 866 4
355 928 4
355 932 4
355 977 4
355 984 4
356 8 4
356 59 4
356 127 4
356 132 3
356 174 4
356 213 4
356 318 4
356 324 3
356 357 3
356 382 3
356 482 3
356 512 3
356 582 3
356 584 3
356 639 3
356 666 3
356 863 3
356 896 3
356 918 3
357 7 4
357 24 4
357 117 4
357 121 4
357 181 4
357 250 4
357 268 4
357 273 4
357 295 4
357 298 4
357 313 4
357 323 4
357 546 4
357 748 4
357 751 4
358 1 4
358 10 4
358 13 4
358 14 4
358 25 4
358 28 4
358 45 4
358 50 4
358 56 4
358 64 4
358 79 4
358 100 4
358 116 4
358 124 4
358 127 4
358 134 4
358 157 4
358 165 4
358 166 4
358 170 4
358 172 4
358 174 4
358 181 4
358 187 4
358 191 4
358 194 4
358 195 4
358 197 4
358 199 4
358 205 4
358 207 4
358 210 4
358 222 4
358 237 4
358 238 4
358 242 4
358 248 4
358 269 4
358 271 4
358 275 4
358 283 4
358 284 4
358 286 4
358 297 4
358 302 4
358 303 4
358 304 4
358 306 4
358 308 4
358 321 4
358 357 4
358 405 4
358 423 4
358 479 4
358 483 4
358 511 4
358 521 4
358 523 4
358 531 4
358 582 4
358 588 4
358 654 4
358 663 4
358 735 4
358 744 4
358 845 4
358 933 4
358 936 4
358 963 4
359 14 5
359 23 5
359 26 5
359 49 5
359 53 5
359 55 5
359 56 5
359 59 5
359 60 5
359 66 4
359 70 4
359 79 4
359 83 4
359 86 4
359 88 4
359 90 4
359 97 4
359 98 4
359 111 4
359 129 4
359 148 4
359 150 4
359 165 4
359 166 4
359 168 4
359 170 4
359 173 4
359 176 4
359 179 4
359 183 4
359 185 4
359 186 4
359 190 4
359 197 4
359 203 4
359 204 4
359 207 5
359 212 5
359 213 4
359 216 5
359 218 5
359 222 5
359 228 5
359 234 5
359 237 5
359 238 5
359 258 5
359 269 5
359 273 5
359 274 5
359 275 5
359 286 5
359 333 5
359 340 4
359 387 4
359 402 4
359 421 4
359 430 4
359 435 4
359 451 4
359 466 4
359 475 4
359 502 4
359 504 4
359 513 4
359 514 4
359 517 4
359 524 4
359 525 4
359 611 4
359 639 4
359 654 4
359 655 4
359 657 4
359 659 4
359 673 4
359 705 4
359 707 4
359 709 4
359 727 4
359 737 4
359 739 4
359 742 4
359 762 4
359 770 4
359 781 4
359 794 4
359 813 4
359 934 4
359 949 4
360 245 2
360 258 3
360 302 3
360 312 3
360 328 3
360 332 3
360 333 3
360 689 3
360 748 3
361 1 3
361 2 3
361 5 3
361 7 3
361 9 3
361 11 3
361 22 3
361 29 3
361 32 3
361 37 3
361 38 3
361 44 3
361 47 3
361 50 3
361 54 3
361 55 3
361 56 3
361 58 3
361 62 3
361 65 3
361 66 3
361 67 3
361 68 3
361 69 3
361 70 3
361 71 3
361 72 3
361 73 3
361 77 3
361 79 3
361 81 3
361 82 3
361 87 3
361 88 3
361 89 3
361 90 3
361 91 3
361 93 3
361 95 3
361 96 3
361 97 3
361 98 3
361 101 3
361 102 3
361 114 3
361 117 3
361 120 3
361 121 3
361 128 3
361 134 3
361 137 3
361 143 3
361 144 3
361 145 3
361 151 3
361 152 3
361 154 3
361 155 3
361 159 3
361 161 3
361 163 3
361 164 3
361 169 3
361 171 3
361 172 3
361 173 3
361 174 3
361 179 3
361 182 3
361 183 3
361 184 3
361 185 3
361 186 3
361 188 3
361 189 3
361 193 3
361 195 3
361 196 3
361 200 3
361 201 3
361 204 3
361 206 3
361 208 3
361 210 3
361 212 3
361 215 3
361 216 3
361 217 3
361 218 3
361 222 3
361 226 3
361 227 3
361 228 3
361 229 3
361 231 3
361 234 3
361 235 3
361 237 3
361 248 3
361 250 3
361 258 3
361 264 3
361 265 3
361 271 3
361 282 3
361 283 3
361 284 3
361 288 3
361 290 3
361 293 3
361 298 3
361 307 3
361 315 3
361 316 3
361 317 3
361 322 3
361 325 3
361 328 3
361 333 3
361 336 3
361 346 3
361 347 3
361 350 3
361 351 3
361 366 3
361 370 3
361 380 3
361 387 3
361 391 3
361 393 3
361 402 3
361 403 3
361 405 3
361 408 3
361 417 3
361 423 3
361 426 3
361 428 3
361 429 3
361 431 3
361 433 3
361 435 3
361 443 3
361 444 3
361 448 3
361 449 3
361 451 3
361 469 3
361 472 3
361 473 3
361 474 3
361 505 3
361 506 3
361 511 3
361 518 3
361 523 3
361 531 3
361 537 3
361 546 3
361 550 3
361 554 3
361 555 3
361 557 3
361 559 3
361 566 3
361 568 3
361 569 3
361 571 3
361 572 3
361 575 3
361 578 3
361 588 3
361 591 3
361 597 3
361 603 3
361 616 3
361 625 3
361 631 3
361 640 3
361 650 3
361 651 3
361 653 3
361 657 3
361 658 3
361 660 3
361 673 3
361 675 3
361 678 3
361 679 3
361 682 3
361 685 3
361 691 3
361 698 3
361 699 3
361 707 3
361 709 3
361 710 3
361 719 3
361 735 3
361 741 3
361 742 3
361 746 3
361 747 3
361 752 3
361 760 3
361 761 3
361 767 3
361 778 3
361 792 3
361 802 3
361 805 3
361 809 3
361 816 3
361 825 3
361 831 3
361 849 3
361 854 3
361 859 3
361 895 3
361 906 3
361 919 3
361 933 3
361 940 3
361 946 3
361 959 3
361 979 3
362 262 3
362 269 4
362 294 3
362 319 3
362 690 3
362 988 3
363 1 4
363 7 4
363 13 4
363 15 4
363 100 5
363 124 5
363 125 5
363 137 5
363 150 5
363 151 5
363 222 5
363 235 5
363 258 5
363 268 5
363 269 5
363 271 4
363 272 4
363 276 4
363 277 4
363 289 4
363 294 4
363 309 4
363 315 4
363 316 4
363 321 4
363 326 4
363 340 4
363 342 4
363 352 4
363 476 4
363 591 4
363 742 4
363 846 4
363 894 4
363 895 4
363 908 4
363 948 4
363 995 4
364 7 4
364 164 4
364 184 4
364 200 4
364 217 4
364 219 4
364 413 4
364 436 4
364 443 4
364 447 4
364 448 4
364 559 4
364 561 4
364 573 4
364 671 4
364 672 4
364 854 4
365 5 4
365 7 4
365 50 4
365 53 4
365 56 4
365 100 5
365 145 5
365 176 5
365 183 5
365 184 4
365 200 4
365 201 4
365 218 4
365 219 4
365 234 4
365 246 4
365 250 4
365 258 4
365 326 4
365 333 4
365 334 4
365 379 4
365 436 4
365 441 4
365 443 4
365 448 4
365 452 4
365 551 4
365 559 4
365 561 4
365 563 4
365 567 4
365 637 4
365 665 4
365 670 4
365 672 4
365 760 4
365 769 4
365 774 4
365 800 4
365 919 4
366 11 4
366 17 3
366 56 4
366 89 4
366 98 4
366 100 4
366 127 4
366 145 4
366 183 4
366 201 4
366 217 4
366 219 4
366 234 4
366 288 4
366 313 4
366 379 4
366 436 4
366 551 4
366 561 4
366 567 3
366 637 3
366 672 3
366 774 3
366 777 3
367 50 4
367 114 4
367 166 4
367 168 5
367 268 5
367 346 4
367 890 4
367 900 4
367 919 4
367 988 4
368 12 4
368 22 4
368 31 4
368 42 4
368 52 4
368 56 4
368 64 4
368 98 4
368 107 4
368 114 4
368 116 4
368 134 4
368 135 4
368 153 4
368 172 4
368 174 4
368 175 4
368 176 4
368 181 4
368 183 4
368 193 4
368 195 4
368 199 4
368 209 4
368 210 4
368 222 4
368 257 4
368 269 4
368 294 4
368 321 4
368 322 4
368 423 4
368 425 4
368 433 4
368 443 4
368 484 4
368 493 4
368 494 4
368 497 4
368 511 4
368 514 4
368 525 4
368 603 4
368 604 4
368 607 4
368 608 4
368 631 4
368 657 4
368 659 4
368 661 4
368 678 4
368 705 4
368 856 4
368 923 4
369 1 4
369 22 4
369 24 4
369 50 4
369 55 4
369 64 4
369 79 4
369 97 4
369 98 4
369 117 4
369 174 4
369 177 4
369 179 4
369 180 4
369 181 4
369 185 4
369 186 4
369 194 4
369 197 4
369 210 4
369 234 4
369 237 4
369 393 4
369 423 4
369 431 4
369 435 4
369 443 4
369 449 4
369 504 4
369 523 4
369 527 4
369 655 4
369 663 4
370 12 5
370 23 5
370 44 5
370 56 5
370 79 5
370 100 5
370 148 5
370 159 5
370 164 5
370 176 5
370 183 5
370 185 5
370 200 5
370 201 5
370 218 5
370 262 5
370 286 5
370 288 5
370 299 5
370 322 5
370 325 5
370 327 5
370 332 4
370 333 4
370 441 4
370 443 4
370 446 4
370 448 4
370 547 4
370 559 4
370 561 4
370 574 4
370 581 4
370 595 4
370 635 4
370 637 4
370 649 4
370 672 4
370 674 4
370 678 4
370 696 4
370 875 4
371 2 4
371 4 4
371 12 4
371 15 4
371 20 4
371 22 4
371 24 4
371 25 4
371 28 4
371 48 4
371 50 4
371 58 4
371 64 4
371 66 4
371 68 4
371 70 4
371 71 4
371 80 4
371 81 4
371 82 4
371 83 4
371 89 4
371 90 4
371 94 4
371 95 4
371 96 4
371 97 4
371 99 4
371 100 4
371 102 4
371 105 4
371 110 4
371 114 4
371 117 4
371 127 4
371 132 4
371 139 4
371 142 4
371 143 4
371 144 4
371 150 4
371 151 4
371 155 4
371 156 4
371 161 4
371 162 4
371 163 4
371 165 4
371 166 4
371 169 4
371 172 4
371 173 4
371 175 4
371 177 4
371 179 4
371 180 4
371 181 4
371 184 4
371 186 4
371 189 4
371 191 4
371 194 4
371 195 4
371 197 4
371 202 4
371 204 4
371 206 4
371 208 4
371 209 4
371 210 4
371 211 4
371 213 4
371 214 4
371 215 4
371 217 4
371 225 4
371 226 4
371 228 4
371 230 4
371 232 4
371 239 4
371 241 4
371 259 4
371 265 4
371 269 4
371 275 4
371 281 4
371 286 4
371 290 4
371 318 4
371 357 4
371 366 4
371 378 4
371 380 4
371 382 4
371 386 4
371 389 4
371 390 4
371 392 4
371 393 4
371 399 4
371 401 4
371 402 4
371 403 4
371 404 4
371 409 4
371 417 4
371 418 4
371 420 4
371 421 4
371 423 4
371 431 4
371 432 4
371 433 4
371 435 4
371 451 4
371 472 4
371 474 4
371 480 4
371 485 4
371 487 4
371 488 4
371 494 4
371 496 4
371 497 4
371 499 4
371 506 4
371 510 4
371 514 4
371 520 4
371 527 4
371 553 4
371 559 4
371 566 4
371 568 4
371 571 4
371 577 4
371 588 4
371 596 4
371 598 4
371 603 4
371 625 4
371 627 4
371 633 4
371 645 4
371 648 4
371 649 4
371 651 4
371 655 4
371 658 4
371 660 4
371 679 4
371 694 4
371 699 4
371 704 4
371 705 4
371 707 4
371 715 4
371 724 4
371 727 4
371 729 4
371 732 4
371 734 4
371 746 4
371 747 4
371 748 4
371 756 4
371 778 4
371 828 4
371 842 4
371 843 4
371 849 4
371 941 4
371 946 4
371 949 4
372 1 4
372 2 4
372 5 4
372 7 3
372 9 4
372 11 4
372 12 4
372 17 4
372 24 4
372 28 4
372 29 3
372 38 3
372 39 3
372 48 3
372 50 4
372 56 4
372 64 4
372 66 4
372 68 4
372 69 4
372 71 4
372 87 4
372 89 4
372 95 4
372 97 4
372 98 4
372 100 4
372 106 4
372 111 4
372 116 4
372 118 4
372 120 4
372 121 4
372 122 4
372 123 4
372 124 4
372 125 4
372 126 4
372 127 4
372 129 4
372 135 4
372 143 4
372 144 4
372 147 4
372 148 4
372 150 4
372 151 4
372 156 4
372 159 4
372 161 4
372 162 4
372 168 4
372 172 4
372 173 4
372 174 4
372 176 4
372 182 4
372 183 4
372 185 4
372 186 4
372 192 4
372 195 4
372 197 4
372 200 4
372 210 4
372 216 4
372 222 4
372 223 4
372 225 4
372 226 4
372 228 4
372 229 4
372 230 4
372 231 4
372 233 4
372 234 4
372 235 4
372 237 4
372 240 4
372 247 4
372 248 4
372 252 4
372 254 4
372 265 4
372 279 4
372 280 4
372 282 4
372 284 4
372 289 4
372 291 4
372 292 4
372 318 4
372 322 4
372 323 4
372 356 4
372 363 4
372 369 4
372 385 4
372 393 4
372 403 4
372 405 4
372 412 4
372 423 4
372 424 4
372 427 4
372 449 4
372 450 4
372 454 4
372 458 4
372 463 4
372 465 4
372 466 4
372 467 4
372 468 4
372 475 4
372 476 4
372 483 4
372 521 4
372 527 4
372 540 4
372 544 4
372 550 4
372 552 4
372 554 4
372 558 4
372 566 4
372 568 4
372 572 4
372 581 4
372 591 4
372 619 4
372 620 4
372 628 4
372 637 4
372 642 4
372 651 4
372 665 4
372 685 4
372 692 4
372 696 4
372 717 4
372 735 4
372 741 4
372 742 4
372 743 4
372 756 4
372 758 4
372 761 4
372 762 4
372 763 4
372 770 4
372 789 4
372 815 4
372 819 4
372 820 4
372 824 3
372 832 3
372 844 3
372 845 3
372 846 3
372 872 3
372 880 3
372 924 3
372 928 3
372 930 3
372 931 3
372 932 3
372 934 3
372 948 3
372 952 3
372 963 3
372 974 3
372 975 3
372 977 3
372 978 3
372 979 3
372 983 3
372 986 3
373 5 3
373 44 3
373 77 3
373 183 4
373 185 4
373 233 4
373 288 3
373 300 3
373 302 3
373 443 3
373 573 3
373 603 3
373 770 3
373 773 3
374 11 4
374 14 4
374 98 4
374 111 4
374 154 4
374 181 4
374 197 4
374 237 4
374 268 4
374 274 4
374 275 4
374 289 4
374 357 4
374 427 4
374 603 4
374 663 4
374 707 4
375 56 4
375 98 4
375 100 5
375 154 4
375 164 4
375 168 4
375 173 4
375 200 4
375 268 4
375 271 4
375 272 4
375 288 4
375 316 4
375 338 4
375 354 4
375 508 4
375 748 4
375 751 4
375 895 4
376 1 4
376 2 3
376 4 3
376 5 3
376 7 4
376 8 4
376 9 4
376 10 4
376 11 4
376 12 4
376 13 4
376 14 4
376 15 4
376 21 4
376 22 4
376 28 4
376 29 4
376 31 4
376 40 4
376 42 4
376 48 4
376 49 4
376 50 4
376 53 4
376 54 4
376 58 4
376 59 4
376 62 4
376 63 4
376 65 4
376 66 4
376 68 4
376 70 4
376 73 4
376 77 4
376 79 4
376 86 4
376 87 4
376 88 4
376 89 4
376 91 4
376 94 4
376 95 4
376 99 4
376 100 4
376 106 4
376 110 4
376 111 4
376 117 4
376 121 4
376 123 4
376 125 4
376 126 4
376 132 4
376 133 4
376 135 4
376 141 4
376 143 4
376 144 4
376 148 4
376 151 4
376 153 4
376 155 4
376 157 4
376 159 4
376 161 4
376 162 4
376 172 4
376 173 4
376 174 4
376 175 4
376 176 4
376 179 4
376 180 4
376 181 4
376 182 4
376 186 4
376 191 4
376 194 4
376 195 4
376 196 4
376 197 4
376 200 4
376 202 4
376 203 4
376 207 4
376 210 4
376 213 4
376 215 4
376 217 4
376 218 4
376 220 4
376 222 4
376 223 4
376 226 4
376 227 4
376 230 4
376 231 4
376 233 4
376 234 4
376 235 4
376 237 4
376 239 4
376 241 4
376 245 4
376 248 4
376 252 4
376 254 4
376 255 4
376 257 4
376 258 4
376 269 4
376 272 4
376 274 4
376 275 4
376 276 4
376 280 4
376 281 4
376 282 4
376 283 4
376 284 4
376 285 4
376 286 4
376 288 4
376 289 4
376 294 4
376 295 4
376 298 4
376 300 4
376 302 4
376 304 4
376 318 4
376 319 4
376 321 4
376 326 4
376 328 4
376 356 4
376 365 4
376 367 4
376 380 4
376 381 4
376 382 4
376 385 4
376 386 4
376 387 4
376 392 4
376 393 4
376 396 4
376 401 4
376 403 4
376 404 4
376 405 4
376 409 4
376 410 4
376 411 4
376 417 4
376 418 4
376 419 4
376 420 4
376 423 4
376 432 4
376 433 4
376 435 4
376 447 4
376 449 4
376 450 4
376 451 4
376 458 4
376 465 4
376 468 4
376 469 4
376 471 4
376 476 4
376 479 4
376 485 4
376 496 4
376 500 4
376 501 4
376 508 4
376 509 4
376 517 4
376 527 4
376 528 4
376 542 4
376 549 4
376 554 4
376 559 4
376 566 4
376 568 4
376 572 4
376 575 4
376 576 4
376 582 4
376 591 4
376 596 4
376 597 4
376 606 4
376 619 4
376 620 4
376 623 4
376 629 4
376 631 4
376 632 4
376 635 4
376 636 4
376 651 4
376 655 4
376 663 4
376 665 4
376 674 4
376 684 4
376 686 4
376 692 4
376 693 4
376 694 4
376 696 4
376 699 4
376 702 4
376 703 4
376 707 4
376 708 4
376 709 4
376 715 4
376 716 4
376 720 4
376 722 3
376 723 3
376 724 4
376 727 4
376 729 4
376 731 4
376 732 4
376 734 3
376 736 4
376 739 4
376 742 4
376 744 4
376 747 4
376 755 4
376 756 3
376 762 3
376 768 3
376 775 3
376 778 3
376 780 3
376 787 3
376 792 3
376 796 3
376 806 3
376 807 3
376 845 3
376 866 3
376 875 3
376 896 3
376 918 3
376 921 3
376 924 3
376 926 3
376 928 3
376 930 3
376 939 3
376 942 3
376 951 3
376 959 3
376 961 3
376 969 3
376 972 3
376 977 3
376 979 3
377 1 4
377 2 4
377 4 4
377 9 4
377 12 4
377 23 4
377 50 4
377 52 4
377 54 4
377 56 4
377 62 4
377 63 4
377 64 5
377 82 5
377 83 5
377 88 5
377 89 5
377 90 5
377 93 5
377 96 5
377 98 5
377 100 5
377 116 5
377 124 5
377 127 5
377 131 4
377 133 4
377 135 4
377 137 4
377 141 4
377 144 4
377 152 4
377 153 4
377 157 4
377 158 4
377 161 4
377 163 4
377 164 4
377 172 4
377 173 4
377 174 4
377 176 4
377 177 4
377 178 4
377 179 4
377 183 4
377 186 4
377 187 4
377 188 4
377 191 4
377 192 4
377 193 4
377 194 4
377 196 4
377 199 4
377 200 4
377 202 4
377 203 4
377 204 4
377 205 4
377 208 4
377 211 4
377 216 4
377 219 4
377 227 4
377 230 4
377 233 4
377 238 4
377 251 4
377 257 4
377 270 4
377 271 4
377 284 4
377 285 4
377 294 4
377 300 4
377 306 4
377 310 4
377 331 4
377 339 4
377 357 4
377 372 4
377 381 4
377 383 4
377 385 4
377 391 4
377 393 4
377 395 4
377 398 4
377 401 4
377 402 4
377 405 4
377 414 4
377 417 4
377 419 4
377 427 4
377 436 4
377 443 4
377 447 4
377 448 4
377 451 4
377 452 4
377 461 4
377 480 4
377 502 4
377 504 4
377 511 4
377 514 4
377 516 4
377 517 4
377 520 4
377 522 4
377 523 4
377 527 4
377 528 4
377 529 4
377 530 4
377 554 4
377 559 4
377 563 4
377 566 4
377 568 4
377 575 4
377 576 4
377 603 4
377 616 4
377 622 4
377 631 4
377 636 4
377 637 4
377 644 4
377 649 4
377 651 4
377 654 4
377 655 4
377 659 4
377 674 4
377 684 4
377 686 4
377 701 4
377 704 4
377 705 4
377 710 4
377 712 4
377 729 4
377 732 4
377 735 4
377 736 4
377 746 4
377 842 4
377 855 4
378 1 4
378 7 4
378 9 4
378 22 4
378 28 4
378 31 4
378 38 4
378 58 4
378 59 4
378 60 4
378 61 4
378 62 4
378 64 4
378 69 4
378 71 4
378 81 4
378 95 4
378 98 4
378 100 4
378 109 4
378 114 4
378 118 4
378 121 4
378 132 4
378 134 4
378 135 4
378 139 4
378 152 4
378 154 4
378 161 4
378 163 4
378 170 4
378 172 4
378 176 4
378 177 4
378 180 4
378 181 4
378 182 4
378 183 4
378 185 4
378 186 4
378 190 4
378 194 4
378 197 4
378 204 4
378 208 4
378 213 4
378 217 4
378 222 4
378 229 4
378 238 4
378 241 4
378 258 4
378 265 4
378 270 4
378 286 4
378 300 4
378 306 4
378 313 4
378 315 4
378 340 4
378 356 4
378 357 4
378 382 4
378 414 4
378 416 4
378 419 4
378 423 4
378 425 4
378 427 4
378 428 4
378 433 4
378 443 4
378 449 4
378 462 4
378 463 4
378 465 4
378 474 4
378 479 4
378 496 4
378 502 4
378 506 4
378 512 4
378 515 4
378 518 4
378 521 4
378 527 4
378 529 4
378 530 4
378 554 4
378 561 4
378 566 4
378 570 4
378 573 4
378 582 4
378 587 4
378 614 4
378 629 4
378 630 4
378 631 4
378 651 4
378 652 4
378 654 4
378 663 4
378 664 4
378 665 4
378 670 4
378 684 4
378 699 4
378 708 4
378 709 4
378 712 4
378 732 4
378 736 4
378 744 4
378 753 4
378 770 4
378 856 4
378 923 4
378 956 4
378 959 4
379 1 4
379 13 4
379 14 4
379 15 4
379 16 4
379 20 4
379 49 4
379 50 4
379 59 4
379 77 4
379 79 4
379 89 4
379 94 4
379 95 4
379 97 4
379 99 4
379 100 4
379 102 4
379 121 4
379 132 4
379 133 4
379 134 4
379 135 4
379 139 4
379 150 4
379 151 4
379 175 4
379 176 4
379 178 4
379 191 4
379 212 4
379 214 4
379 216 4
379 217 4
379 228 4
379 259 4
379 276 4
379 281 4
379 294 4
379 303 4
379 318 4
379 344 4
379 403 4
379 418 4
379 432 4
379 443 4
379 459 4
379 462 4
379 473 4
379 479 4
379 485 4
379 487 4
379 493 4
379 495 4
379 498 4
379 501 4
379 512 4
379 514 4
379 517 4
379 525 4
379 526 4
379 529 4
379 566 4
379 582 4
379 607 4
379 634 4
379 640 4
379 647 4
379 652 4
379 656 4
379 657 4
379 660 4
379 673 4
379 693 4
379 694 4
379 705 4
379 724 4
379 742 4
379 771 4
379 778 4
379 847 4
379 855 4
379 887 4
379 898 4
379 914 4
379 931 4
379 934 4
379 961 4
380 7 4
380 14 4
380 25 4
380 50 4
380 56 4
380 98 4
380 122 4
380 127 4
380 134 4
380 135 4
380 137 4
380 150 4
380 171 4
380 177 4
380 180 4
380 183 4
380 197 4
380 258 4
380 276 4
380 290 4
380 474 4
380 475 4
380 481 4
380 504 4
380 508 4
380 531 4
380 546 4
380 717 4
381 9 5
381 14 5
381 19 5
381 58 5
381 81 5
381 86 5
381 89 5
381 100 5
381 132 5
381 135 5
381 180 5
381 182 5
381 197 5
381 205 5
381 223 5
381 237 5
381 238 5
381 268 5
381 272 5
381 285 5
381 302 5
381 313 5
381 321 5
381 340 5
381 345 5
381 357 5
381 427 5
381 435 5
381 464 5
381 475 5
381 478 5
381 479 5
381 480 5
381 484 5
381 496 5
381 504 5
381 505 5
381 513 5
381 514 5
381 517 5
381 531 5
381 603 5
381 639 5
381 641 5
381 654 5
381 657 5
382 289 3
382 313 3
382 316 4
382 327 4
382 328 4
382 333 4
382 347 4
382 689 4
382 989 4
383 4 3
383 8 3
383 12 3
383 18 3
383 24 3
383 29 3
383 32 3
383 37 3
383 42 3
383 46 3
383 47 3
383 48 3
383 50 3
383 53 3
383 56 3
383 58 3
383 59 3
383 61 3
383 79 3
383 81 3
383 82 3
383 87 3
383 89 3
383 93 3
383 98 3
383 99 3
383 111 3
383 114 3
383 122 3
383 127 3
383 128 3
383 131 3
383 133 3
383 134 3
383 135 3
383 136 3
383 143 3
383 144 3
383 145 3
383 151 3
383 152 3
383 153 3
383 156 3
383 160 3
383 168 3
383 169 3
383 171 3
383 172 3
383 173 3
383 174 3
383 175 3
383 177 3
383 180 3
383 181 3
383 183 3
383 185 3
383 186 3
383 187 3
383 189 3
383 191 3
383 192 3
383 194 3
383 195 3
383 199 3
383 200 3
383 207 3
383 208 3
383 209 3
383 211 3
383 216 3
383 217 3
383 218 3
383 219 3
383 221 3
383 235 3
383 236 3
383 238 3
383 249 3
383 250 3
383 253 3
383 254 3
383 256 3
383 257 3
383 262 3
383 273 3
383 276 3
383 283 3
383 285 3
383 286 3
383 290 3
383 293 3
383 304 3
383 305 3
383 318 3
383 320 3
383 325 3
383 337 3
383 340 3
383 346 3
383 347 3
383 367 3
383 383 3
383 384 3
383 385 3
383 403 3
383 408 3
383 417 3
383 419 3
383 423 3
383 425 3
383 427 3
383 428 3
383 429 3
383 430 3
383 433 3
383 435 3
383 443 3
383 444 3
383 447 3
383 455 3
383 458 3
383 461 3
383 462 3
383 473 3
383 474 3
383 479 3
383 480 3
383 482 3
383 483 3
383 485 3
383 486 3
383 487 3
383 489 3
383 492 3
383 496 3
383 498 3
383 503 3
383 506 3
383 507 3
383 508 3
383 511 3
383 512 3
383 520 3
383 523 3
383 524 3
383 525 3
383 526 3
383 529 3
383 557 3
383 604 3
383 606 3
383 616 3
383 629 3
383 631 3
383 650 3
383 652 3
383 654 3
383 657 3
383 658 3
383 659 3
383 661 3
383 663 3
383 664 3
383 673 3
383 674 3
383 675 3
383 705 3
383 719 3
383 727 3
383 732 3
383 739 3
383 745 3
383 767 3
383 794 3
383 811 3
383 851 3
383 855 3
383 865 3
383 871 3
383 896 3
383 900 3
383 919 3
383 922 3
383 940 3
383 942 3
383 945 3
383 959 3
383 961 3
383 965 3
384 7 4
384 50 4
384 117 4
384 121 4
384 127 4
384 405 4
384 515 4
384 546 4
384 685 4
384 982 4
385 2 3
385 4 3
385 7 3
385 8 3
385 10 3
385 11 3
385 13 3
385 20 3
385 22 3
385 23 3
385 24 3
385 27 3
385 31 3
385 32 3
385 33 3
385 39 3
385 46 3
385 47 3
385 48 3
385 50 3
385 52 3
385 55 3
385 56 3
385 58 3
385 61 3
385 62 3
385 64 3
385 68 3
385 69 3
385 71 3
385 76 3
385 79 3
385 81 3
385 82 3
385 83 3
385 89 3
385 91 3
385 92 3
385 93 3
385 96 3
385 97 3
385 98 3
385 99 3
385 101 3
385 102 3
385 107 3
385 113 3
385 114 3
385 116 3
385 117 3
385 121 3
385 123 3
385 127 3
385 129 3
385 133 3
385 135 3
385 136 3
385 144 3
385 147 3
385 151 3
385 152 3
385 156 3
385 161 3
385 168 3
385 169 3
385 176 3
385 180 3
385 181 3
385 182 3
385 183 3
385 184 3
385 186 3
385 187 3
385 189 3
385 190 3
385 192 3
385 193 3
385 195 3
385 196 3
385 197 3
385 198 3
385 199 3
385 200 3
385 201 3
385 202 3
385 203 3
385 205 3
385 206 3
385 208 3
385 209 3
385 210 3
385 211 3
385 215 3
385 217 3
385 218 3
385 219 3
385 222 3
385 223 3
385 224 3
385 226 3
385 227 3
385 228 3
385 229 3
385 230 3
385 231 3
385 233 3
385 238 3
385 241 3
385 246 3
385 250 3
385 258 3
385 265 3
385 273 3
385 277 3
385 288 3
385 289 3
385 293 3
385 294 3
385 295 3
385 298 3
385 317 3
385 318 3
385 319 3
385 320 3
385 321 3
385 325 3
385 333 3
385 357 3
385 380 3
385 381 3
385 385 3
385 393 3
385 403 3
385 410 3
385 414 3
385 418 3
385 423 3
385 428 3
385 429 3
385 430 3
385 431 3
385 432 3
385 434 3
385 435 3
385 436 3
385 441 3
385 444 3
385 446 3
385 447 3
385 448 3
385 455 3
385 458 3
385 461 3
385 463 3
385 470 3
385 473 3
385 474 3
385 477 3
385 488 3
385 496 3
385 501 3
385 508 3
385 511 3
385 514 3
385 520 3
385 526 3
385 528 3
385 532 3
385 547 3
385 549 3
385 559 3
385 561 3
385 564 3
385 566 3
385 569 3
385 578 3
385 580 3
385 582 3
385 583 3
385 593 3
385 603 3
385 625 3
385 642 3
385 650 3
385 651 3
385 659 3
385 663 3
385 672 3
385 674 3
385 678 3
385 679 3
385 684 3
385 692 3
385 693 3
385 697 3
385 715 3
385 732 3
385 735 3
385 737 3
385 744 3
385 746 3
385 768 3
385 772 3
385 773 3
385 774 3
385 789 3
385 790 3
385 806 3
385 844 3
385 845 3
385 856 3
385 919 3
385 942 3
385 943 3
385 952 3
385 969 3
385 972 3
385 984 3
386 1 4
386 9 4
386 100 5
386 111 4
386 117 4
386 147 4
386 184 4
386 237 4
386 258 4
386 259 4
386 266 4
386 288 4
386 298 4
386 300 4
386 302 4
386 307 4
386 310 4
386 313 4
386 315 4
386 323 4
386 326 4
386 559 4
386 596 4
386 628 4
386 678 4
386 680 4
386 690 4
386 742 4
386 769 4
386 773 4
386 845 4
386 871 4
387 4 3
387 8 3
387 23 3
387 25 3
387 28 3
387 29 3
387 38 3
387 40 3
387 42 3
387 47 3
387 50 3
387 53 3
387 56 3
387 58 3
387 59 3
387 64 3
387 65 3
387 66 3
387 69 3
387 71 3
387 72 3
387 77 3
387 79 3
387 80 3
387 82 3
387 88 3
387 90 3
387 94 3
387 95 3
387 98 3
387 99 3
387 100 3
387 105 3
387 109 3
387 111 3
387 118 3
387 124 3
387 127 3
387 131 3
387 132 3
387 136 3
387 142 3
387 151 3
387 152 3
387 153 3
387 154 3
387 160 3
387 167 3
387 168 3
387 172 3
387 173 3
387 174 3
387 176 3
387 178 3
387 179 3
387 181 3
387 185 3
387 186 3
387 191 3
387 194 3
387 197 3
387 202 3
387 205 3
387 208 3
387 210 3
387 211 3
387 216 3
387 217 3
387 234 3
387 238 3
387 249 3
387 275 3
387 283 3
387 285 3
387 300 3
387 301 3
387 346 3
387 378 3
387 383 3
387 396 3
387 401 3
387 402 3
387 404 3
387 407 3
387 410 3
387 411 3
387 414 3
387 416 3
387 420 3
387 423 3
387 427 3
387 428 3
387 435 3
387 451 3
387 454 3
387 467 3
387 471 3
387 475 3
387 477 3
387 478 3
387 479 3
387 480 3
387 481 3
387 483 3
387 484 3
387 490 3
387 491 3
387 492 3
387 493 3
387 496 3
387 497 3
387 498 3
387 499 3
387 501 3
387 502 3
387 503 3
387 504 3
387 506 3
387 507 3
387 509 3
387 510 3
387 514 3
387 517 3
387 518 3
387 519 3
387 520 3
387 525 3
387 526 3
387 527 3
387 531 3
387 550 3
387 558 3
387 568 3
387 583 3
387 584 3
387 588 3
387 591 3
387 602 3
387 604 3
387 605 3
387 607 3
387 610 3
387 612 3
387 613 3
387 615 3
387 616 3
387 630 3
387 631 3
387 642 3
387 649 3
387 656 3
387 657 3
387 661 3
387 662 3
387 671 3
387 674 3
387 693 3
387 699 3
387 700 3
387 705 3
387 712 3
387 715 3
387 731 3
387 732 3
387 736 3
387 739 3
387 756 3
387 778 3
387 780 3
387 785 3
387 792 3
387 820 3
387 835 3
387 836 3
387 845 3
387 847 3
387 923 3
387 926 3
387 942 3
387 945 3
387 954 3
387 955 3
387 965 3
387 997 3
388 1 5
388 13 5
388 100 5
388 126 5
388 258 5
388 277 5
388 283 5
388 286 5
388 289 5
388 329 5
388 331 5
388 713 5
388 740 5
388 742 5
388 845 5
388 989 4
389 9 4
389 11 4
389 12 4
389 15 4
389 22 4
389 26 4
389 31 4
389 47 4
389 48 4
389 56 4
389 58 4
389 59 4
389 61 4
389 64 4
389 69 4
389 71 4
389 76 4
389 89 4
389 97 4
389 100 4
389 127 4
389 132 4
389 134 4
389 173 4
389 174 4
389 180 4
389 182 4
389 188 4
389 191 4
389 195 4
389 197 4
389 200 4
389 203 4
389 204 4
389 213 4
389 215 4
389 222 4
389 234 4
389 237 4
389 238 4
389 258 4
389 264 4
389 276 4
389 282 4
389 286 4
389 288 4
389 294 4
389 300 4
389 318 4
389 334 4
389 357 4
389 421 4
389 458 4
389 460 4
389 462 4
389 471 4
389 474 4
389 479 4
389 480 4
389 482 4
389 483 4
389 490 4
389 491 4
389 497 4
389 498 4
389 507 4
389 508 4
389 510 4
389 511 4
389 527 4
389 544 4
389 546 4
389 603 4
389 604 4
389 628 4
389 646 4
389 659 4
389 661 4
389 748 4
389 774 4
389 924 4
389 963 4
390 8 4
390 23 4
390 50 4
390 58 4
390 59 4
390 98 4
390 99 4
390 114 4
390 127 4
390 129 4
390 134 4
390 165 4
390 166 4
390 169 4
390 170 4
390 172 4
390 173 4
390 178 4
390 179 4
390 180 4
390 181 4
390 189 4
390 197 4
390 199 4
390 200 4
390 244 4
390 246 4
390 248 4
390 250 4
390 255 4
390 257 4
390 258 4
390 268 4
390 270 4
390 271 4
390 272 4
390 276 4
390 285 4
390 286 4
390 288 4
390 293 4
390 294 4
390 297 4
390 298 4
390 300 4
390 302 4
390 303 4
390 304 4
390 310 4
390 312 4
390 313 4
390 319 4
390 321 4
390 323 4
390 324 4
390 325 4
390 328 4
390 333 4
390 340 4
390 344 4
390 345 4
390 346 4
390 347 4
390 463 4
390 482 4
390 488 4
390 491 4
390 493 4
390 511 4
390 534 4
390 538 4
390 615 4
390 632 4
390 650 4
390 663 4
390 705 4
390 813 4
390 880 4
391 2 3
391 3 3
391 4 3
391 5 3
391 7 3
391 11 3
391 12 3
391 15 3
391 17 3
391 21 3
391 22 3
391 24 3
391 25 3
391 26 3
391 27 3
391 28 3
391 29 3
391 31 3
391 36 3
391 38 3
391 40 3
391 42 3
391 48 3
391 49 3
391 50 3
391 51 3
391 54 3
391 55 3
391 56 3
391 58 3
391 62 3
391 64 3
391 65 3
391 67 3
391 68 3
391 69 3
391 70 3
391 71 3
391 72 3
391 73 3
391 78 3
391 79 3
391 81 3
391 83 3
391 84 3
391 86 3
391 87 3
391 88 3
391 89 3
391 90 3
391 94 3
391 95 3
391 99 3
391 100 3
391 105 3
391 108 3
391 109 3
391 110 3
391 111 3
391 117 3
391 118 3
391 122 3
391 123 3
391 126 3
391 128 3
391 132 3
391 135 3
391 136 3
391 138 3
391 139 3
391 142 3
391 144 3
391 147 3
391 148 3
391 153 3
391 154 3
391 161 3
391 168 3
391 172 3
391 173 3
391 181 3
391 184 3
391 186 3
391 189 3
391 191 3
391 194 3
391 196 3
391 202 3
391 203 3
391 204 3
391 206 3
391 215 3
391 222 3
391 223 3
391 227 3
391 228 3
391 233 3
391 237 3
391 239 3
391 240 3
391 241 3
391 243 3
391 245 3
391 252 3
391 255 3
391 257 3
391 258 3
391 265 3
391 270 3
391 271 3
391 273 3
391 274 3
391 275 3
391 278 3
391 280 3
391 281 3
391 283 3
391 290 3
391 291 3
391 294 3
391 298 3
391 303 3
391 313 3
391 316 3
391 317 3
391 318 3
391 321 3
391 323 3
391 328 3
391 333 3
391 338 3
391 342 3
391 344 3
391 347 3
391 349 3
391 354 3
391 355 3
391 356 3
391 357 3
391 362 3
391 363 3
391 364 3
391 365 3
391 366 3
391 369 3
391 373 3
391 374 3
391 376 3
391 377 3
391 378 3
391 380 3
391 385 3
391 386 3
391 391 3
391 393 3
391 394 3
391 396 3
391 402 3
391 403 3
391 404 3
391 405 3
391 409 3
391 410 3
391 412 3
391 415 3
391 417 3
391 418 3
391 419 3
391 420 3
391 421 3
391 423 3
391 431 3
391 443 3
391 456 3
391 459 3
391 463 3
391 465 3
391 470 3
391 471 3
391 472 3
391 473 3
391 476 3
391 477 3
391 479 3
391 480 3
391 494 3
391 496 3
391 497 3
391 501 3
391 527 3
391 538 3
391 539 3
391 540 3
391 544 3
391 546 3
391 550 3
391 552 3
391 553 3
391 554 3
391 559 3
391 566 3
391 568 3
391 569 3
391 571 3
391 578 3
391 588 3
391 591 3
391 596 3
391 597 3
391 620 3
391 622 3
391 623 3
391 628 3
391 630 3
391 633 3
391 636 3
391 644 3
391 651 3
391 655 3
391 659 3
391 681 3
391 683 3
391 685 3
391 686 3
391 687 3
391 690 3
391 692 3
391 696 3
391 705 3
391 710 3
391 715 3
391 717 3
391 721 3
391 725 3
391 727 3
391 728 3
391 731 3
391 737 3
391 739 3
391 742 3
391 747 3
391 751 3
391 755 3
391 756 3
391 761 3
391 763 3
391 771 3
391 775 3
391 778 3
391 779 3
391 780 3
391 783 3
391 789 3
391 792 3
391 794 3
391 797 3
391 802 3
391 805 3
391 808 3
391 810 3
391 812 3
391 815 3
391 821 3
391 824 3
391 825 3
391 826 3
391 831 3
391 836 3
391 840 3
391 841 3
391 842 3
391 843 3
391 845 3
391 870 3
391 871 3
391 876 3
391 879 3
391 890 3
391 905 3
391 922 3
391 924 3
391 926 3
391 929 3
391 930 3
391 932 3
391 939 3
391 944 3
391 949 3
391 951 3
391 953 3
391 964 3
391 977 3
391 996 3
391 997 3
391 999 3
391 1000 3
392 4 3
392 7 3
392 22 4
392 28 4
392 31 4
392 38 4
392 39 3
392 42 3
392 50 3
392 56 3
392 63 3
392 67 3
392 68 3
392 72 3
392 73 3
392 79 3
392 84 3
392 88 3
392 96 3
392 97 3
392 98 3
392 101 3
392 117 3
392 121 3
392 128 3
392 132 3
392 144 3
392 154 3
392 156 3
392 158 3
392 161 3
392 164 3
392 172 3
392 174 3
392 179 3
392 184 3
392 186 3
392 195 3
392 208 3
392 210 3
392 217 3
392 222 3
392 226 3
392 228 3
392 229 3
392 230 3
392 232 3
392 233 3
392 238 3
392 250 3
392 257 3
392 265 3
392 282 3
392 288 3
392 313 3
392 364 3
392 383 3
392 385 3
392 386 3
392 391 3
392 402 3
392 411 3
392 416 3
392 419 3
392 423 3
392 433 3
392 449 3
392 450 3
392 455 3
392 496 3
392 508 3
392 540 3
392 541 3
392 550 3
392 552 3
392 554 3
392 561 3
392 568 3
392 578 3
392 597 3
392 655 3
392 665 3
392 679 3
392 739 3
392 746 3
392 763 3
392 771 3
392 773 3
392 780 3
392 797 3
392 979 3
393 1 5
393 15 4
393 50 5
393 89 5
393 97 5
393 98 5
393 100 5
393 121 5
393 151 5
393 172 5
393 174 5
393 196 5
393 210 5
393 216 5
393 231 4
393 240 4
393 252 4
393 255 4
393 257 4
393 273 4
393 313 4
393 315 4
393 328 4
393 338 4
393 343 4
393 365 4
393 378 4
393 458 4
393 472 4
393 632 4
393 892 4
393 924 4
394 1 3
394 25 3
394 100 3
394 106 3
394 117 3
394 121 3
394 148 3
394 222 3
394 237 3
394 245 3
394 260 3
394 274 3
394 288 3
394 291 3
394 300 3
394 322 3
394 328 3
394 329 3
394 333 3
394 405 3
394 455 3
394 546 3
394 591 3
394 595 3
394 742 3
394 751 3
394 829 3
394 840 3
394 841 3
394 871 3
394 986 3
395 7 4
395 8 4
395 22 4
395 23 4
395 50 4
395 56 4
395 95 4
395 100 4
395 108 4
395 109 4
395 127 4
395 134 4
395 156 4
395 171 4
395 172 4
395 174 4
395 177 4
395 178 4
395 181 4
395 183 4
395 194 4
395 195 4
395 197 4
395 199 4
395 210 4
395 221 4
395 261 4
395 268 4
395 273 4
395 286 4
395 288 4
395 313 4
395 318 4
395 322 4
395 325 4
395 327 4
395 332 4
395 340 4
395 345 4
395 346 4
395 390 4
395 423 4
395 435 4
395 457 4
395 475 4
395 479 4
395 483 4
395 498 4
395 504 4
395 513 4
395 588 4
395 611 4
395 615 4
395 641 4
395 680 4
395 688 4
395 705 4
395 748 4
395 751 4
395 853 4
395 855 4
395 878 4
395 894 4
395 988 4
395 989 4
395 991 4
396 2 3
396 4 3
396 12 4
396 13 4
396 15 4
396 31 4
396 49 3
396 50 3
396 56 3
396 58 3
396 63 3
396 64 3
396 65 3
396 66 3
396 69 3
396 70 3
396 72 3
396 73 3
396 82 3
396 85 3
396 87 3
396 88 3
396 94 3
396 95 3
396 117 3
396 124 3
396 125 3
396 126 3
396 127 3
396 132 3
396 134 3
396 144 4
396 152 4
396 154 4
396 158 3
396 159 3
396 162 3
396 163 3
396 167 3
396 168 3
396 172 3
396 174 3
396 176 3
396 178 3
396 181 3
396 182 3
396 183 3
396 186 3
396 191 3
396 194 3
396 196 3
396 197 3
396 199 4
396 204 4
396 205 4
396 211 4
396 216 4
396 227 4
396 228 4
396 229 4
396 230 4
396 239 4
396 274 3
396 276 3
396 357 3
396 385 3
396 393 3
396 399 3
396 403 3
396 417 3
396 423 3
396 429 3
396 430 3
396 432 3
396 435 3
396 474 3
396 476 3
396 479 3
396 480 3
396 481 3
396 485 3
396 491 3
396 493 3
396 494 3
396 495 3
396 496 3
396 497 3
396 498 3
396 501 3
396 502 3
396 504 3
396 510 3
396 514 3
396 519 4
396 520 4
396 521 4
396 523 4
396 525 4
396 588 4
396 589 4
396 591 4
396 602 4
396 604 4
396 648 4
396 654 4
396 659 4
396 661 4
396 663 4
396 692 4
396 700 4
396 710 4
396 715 4
396 732 4
396 735 4
396 737 3
396 756 3
396 796 3
396 953 3
396 969 3
396 991 3
396 993 3
397 2 3
397 5 3
397 8 3
397 9 3
397 12 3
397 15 3
397 22 3
397 26 3
397 31 3
397 33 3
397 38 3
397 41 3
397 43 3
397 48 3
397 50 3
397 53 3
397 55 3
397 56 3
397 57 3
397 58 3
397 62 3
397 63 3
397 64 3
397 66 3
397 67 3
397 68 3
397 69 3
397 71 3
397 72 3
397 73 3
397 77 3
397 79 3
397 80 3
397 84 3
397 91 3
397 93 3
397 94 3
397 95 3
397 97 3
397 98 3
397 99 3
397 102 3
397 110 3
397 114 3
397 117 3
397 118 3
397 121 3
397 127 3
397 128 3
397 132 3
397 140 3
397 143 3
397 144 3
397 147 3
397 148 3
397 153 3
397 154 3
397 155 3
397 156 3
397 157 3
397 161 3
397 164 3
397 168 3
397 172 3
397 173 3
397 174 3
397 175 3
397 179 3
397 180 3
397 181 3
397 186 3
397 187 3
397 188 3
397 195 3
397 196 3
397 203 3
397 204 3
397 210 3
397 214 3
397 215 3
397 219 3
397 223 3
397 226 3
397 227 3
397 228 3
397 229 3
397 230 3
397 233 3
397 234 3
397 237 3
397 238 3
397 239 3
397 241 3
397 264 3
397 265 3
397 273 3
397 274 3
397 276 3
397 282 3
397 284 3
397 288 3
397 291 3
397 295 3
397 301 3
397 307 3
397 318 3
397 323 3
397 332 3
397 338 3
397 340 3
397 372 3
397 378 3
397 380 3
397 382 3
397 383 3
397 384 3
397 385 3
397 386 3
397 388 3
397 389 3
397 393 3
397 395 3
397 399 3
397 400 3
397 401 3
397 402 3
397 403 3
397 405 3
397 407 3
397 412 3
397 413 3
397 418 3
397 420 3
397 423 3
397 431 3
397 432 3
397 436 3
397 450 3
397 451 3
397 452 3
397 454 3
397 455 3
397 459 3
397 471 3
397 475 3
397 486 3
397 496 3
397 501 3
397 506 3
397 508 3
397 527 3
397 531 3
397 542 3
397 543 3
397 544 3
397 546 3
397 549 3
397 550 3
397 551 3
397 554 3
397 559 3
397 564 3
397 566 3
397 568 3
397 575 3
397 578 3
397 582 3
397 587 3
397 588 3
397 591 3
397 597 3
397 616 3
397 622 3
397 628 3
397 651 3
397 655 3
397 660 3
397 673 3
397 679 3
397 684 3
397 697 3
397 710 3
397 720 3
397 722 3
397 727 3
397 732 3
397 735 3
397 738 3
397 742 3
397 744 3
397 746 3
397 747 3
397 754 3
397 755 3
397 760 3
397 763 3
397 768 3
397 769 3
397 772 3
397 774 3
397 779 3
397 781 3
397 806 3
397 809 3
397 813 3
397 817 3
397 824 3
397 825 3
397 826 3
397 845 3
397 924 3
397 926 3
397 928 3
397 941 3
397 946 3
397 959 3
397 969 3
397 975 3
397 977 3
397 986 3
398 286 4
398 288 3
398 294 3
398 300 3
398 306 3
398 307 3
398 323 3
398 689 3
398 895 3
399 1 3
399 9 3
399 11 3
399 13 3
399 14 3
399 25 3
399 26 3
399 44 3
399 50 3
399 64 3
399 65 3
399 69 3
399 70 3
399 71 3
399 83 3
399 100 3
399 111 3
399 117 3
399 121 3
399 127 3
399 133 3
399 135 3
399 137 3
399 143 3
399 144 3
399 151 3
399 153 3
399 154 3
399 157 3
399 161 3
399 162 3
399 168 3
399 172 3
399 173 3
399 174 3
399 181 3
399 194 3
399 196 3
399 197 3
399 198 3
399 199 3
399 202 3
399 204 3
399 210 3
399 225 3
399 235 3
399 237 3
399 257 3
399 272 3
399 273 3
399 275 3
399 276 3
399 280 3
399 282 3
399 284 3
399 302 3
399 312 3
399 315 3
399 316 3
399 318 3
399 321 3
399 322 3
399 328 3
399 342 3
399 356 3
399 357 3
399 365 3
399 371 3
399 385 3
399 404 3
399 430 3
399 435 3
399 451 3
399 462 3
399 471 3
399 473 3
399 477 3
399 478 3
399 481 3
399 483 3
399 484 3
399 485 3
399 493 3
399 499 3
399 501 3
399 508 3
399 509 3
399 511 3
399 515 3
399 519 3
399 520 3
399 527 3
399 528 3
399 535 3
399 553 3
399 566 3
399 582 3
399 603 3
399 604 3
399 609 3
399 630 3
399 632 3
399 638 3
399 651 3
399 654 3
399 655 3
399 661 3
399 684 3
399 707 3
399 724 3
399 735 3
399 748 3
399 866 3
399 892 3
400 1 5
400 7 5
400 9 5
400 10 5
400 12 5
400 13 4
400 16 4
400 32 4
400 48 4
400 111 4
400 116 4
400 117 4
400 124 4
400 126 4
400 127 5
400 135 5
400 182 5
400 204 5
400 222 5
400 234 5
400 235 5
400 237 5
400 245 5
400 255 5
400 257 5
400 258 5
400 273 5
400 276 5
400 286 5
400 455 5
400 475 5
400 476 5
400 479 5
400 483 5
400 511 5
400 529 5
400 591 5
400 628 5
400 696 5
400 764 5
400 864 5
