201 1 5
201 237 5
201 268 5
201 283 5
201 291 4
201 306 4
201 740 4
201 934 4
202 288 3
202 294 3
202 330 3
202 358 3
202 682 3
202 872 3
202 880 3
202 887 3
202 895 3
203 7 4
203 9 4
203 100 5
203 106 4
203 111 4
203 117 4
203 118 4
203 121 4
203 123 4
203 129 4
203 148 4
203 181 4
203 235 4
203 240 4
203 258 4
203 276 4
203 284 4
203 288 4
203 291 4
203 370 4
203 410 4
203 472 4
203 477 4
203 515 4
203 546 4
203 597 4
203 748 4
203 845 4
203 864 4
203 866 4
203 925 4
203 928 4
204 22 4
204 66 4
204 243 3
204 245 3
204 258 3
204 269 3
204 270 3
204 294 3
204 300 3
204 307 3
204 310 3
204 323 3
204 327 3
204 328 3
204 331 3
204 332 3
204 333 3
204 342 3
204 343 3
204 348 3
204 678 3
204 683 3
204 687 3
204 690 3
204 739 3
204 748 3
204 754 3
204 879 3
204 892 3
204 901 3
205 2 1
205 5 1
205 8 1
205 11 1
205 12 1
205 22 1
205 23 1
205 28 1
205 29 1
205 30 1
205 31 1
205 32 1
205 33 1
205 37 1
205 38 1
205 39 1
205 40 1
205 41 1
205 42 1
205 43 1
205 45 1
205 47 1
205 48 1
205 49 1
205 50 1
205 51 1
205 52 1
205 53 1
205 55 1
205 56 1
205 57 1
205 58 1
205 60 1
205 61 1
205 62 1
205 63 1
205 64 1
205 66 1
205 67 1
205 68 1
205 70 1
205 71 1
205 72 1
205 73 1
205 75 1
205 76 1
205 77 1
205 78 1
205 80 1
205 81 1
205 82 1
205 83 1
205 85 1
205 87 1
205 88 1
205 90 1
205 91 1
205 92 1
205 94 1
205 96 1
205 97 1
205 98 1
205 101 1
205 102 1
205 127 1
205 132 1
205 135 1
205 139 1
205 141 1
205 142 1
205 143 1
205 149 1
205 161 1
205 168 1
205 169 1
205 171 1
205 172 1
205 173 1
205 175 1
205 178 1
205 179 1
205 180 1
205 183 1
205 184 1
205 185 1
205 186 1
205 188 1
205 189 1
205 190 1
205 191 1
205 192 1
205 193 1
205 195 1
205 197 1
205 198 1
205 199 1
205 200 1
205 201 1
205 202 1
205 204 1
205 206 1
205 207 1
205 208 1
205 210 1
205 211 1
205 212 1
205 214 1
205 215 1
205 216 1
205 217 1
205 218 1
205 219 1
205 226 1
205 227 1
205 228 1
205 229 1
205 230 1
205 231 1
205 232 1
205 233 1
205 234 1
205 238 1
205 239 1
205 265 1
205 288 1
205 302 1
205 308 1
205 317 1
205 318 1
205 347 1
205 350 1
205 351 1
205 356 1
205 361 1
205 364 1
205 365 1
205 366 1
205 367 1
205 371 1
205 374 1
205 376 1
205 377 1
205 379 1
205 383 1
205 384 1
205 386 1
205 387 1
205 388 1
205 391 1
205 393 1
205 395 1
205 396 1
205 397 1
205 399 1
205 400 1
205 402 1
205 403 1
205 404 1
205 414 1
205 415 1
205 416 1
205 417 1
205 419 1
205 420 1
205 421 1
205 422 1
205 423 1
205 426 1
205 427 1
205 430 1
205 431 1
205 432 1
205 433 1
205 434 1
205 437 1
205 438 1
205 439 1
205 440 1
205 441 1
205 442 1
205 444 1
205 446 1
205 447 1
205 448 1
205 449 1
205 450 1
205 451 1
205 452 1
205 453 1
205 461 1
205 462 1
205 463 1
205 464 1
205 465 1
205 467 1
205 469 1
205 470 1
205 480 1
205 482 1
205 501 1
205 504 1
205 509 1
205 510 1
205 511 1
205 515 1
205 516 1
205 517 1
205 518 1
205 519 1
205 520 1
205 521 1
205 522 1
205 523 1
205 524 1
205 525 1
205 526 1
205 527 1
205 528 1
205 529 1
205 530 1
205 536 1
205 537 1
205 540 1
205 541 1
205 543 1
205 545 1
205 548 1
205 549 1
205 551 1
205 552 1
205 553 1
205 554 1
205 555 1
205 556 1
205 557 1
205 558 1
205 559 1
205 560 1
205 561 1
205 562 1
205 563 1
205 564 1
205 565 1
205 566 1
205 567 1
205 568 1
205 569 1
205 570 1
205 573 1
205 574 1
205 575 1
205 577 1
205 578 1
205 579 1
205 580 1
205 581 1
205 583 1
205 584 1
205 585 1
205 586 1
205 588 1
205 592 1
205 593 1
205 603 1
205 606 1
205 622 1
205 623 1
205 624 1
205 625 1
205 626 1
205 627 1
205 639 1
205 643 1
205 644 1
205 645 1
205 647 1
205 648 1
205 649 1
205 650 1
205 651 1
205 652 1
205 653 1
205 654 1
205 655 1
205 656 1
205 659 1
205 662 1
205 664 1
205 666 1
205 667 1
205 669 1
205 670 1
205 671 1
205 673 1
205 674 1
205 675 1
205 679 1
205 684 1
205 692 1
205 693 1
205 694 1
205 695 1
205 697 1
205 699 1
205 700 1
205 702 1
205 707 1
205 708 1
205 710 1
205 712 1
205 714 1
205 715 1
205 719 1
205 720 1
205 721 1
205 722 1
205 723 1
205 726 1
205 727 1
205 728 1
205 729 1
205 731 1
205 732 1
205 734 1
205 736 1
205 739 1
205 745 1
205 746 1
205 747 1
205 753 1
205 755 1
205 759 1
205 761 1
205 765 1
205 768 1
205 769 1
205 770 1
205 771 1
205 772 1
205 773 1
205 774 1
205 775 1
205 776 1
205 777 1
205 778 1
205 780 1
205 782 1
205 783 1
205 784 1
205 785 1
205 786 1
205 787 1
205 788 1
205 789 1
205 790 1
205 791 1
205 793 1
205 794 1
205 795 1
205 796 1
205 798 1
205 802 1
205 807 1
205 808 1
205 810 1
205 812 1
205 816 1
205 842 1
205 843 1
205 849 1
205 851 1
205 853 1
205 854 1
205 855 1
205 858 1
205 859 1
205 860 1
205 861 1
205 904 1
205 921 1
205 939 1
205 941 1
205 943 1
205 944 1
205 946 1
205 947 1
205 949 1
205 951 1
205 953 1
205 955 1
205 956 1
205 957 1
205 959 1
205 960 1
205 964 1
205 969 1
205 971 1
205 994 1
205 996 1
205 997 1
205 999 1
206 1 4
206 3 4
206 4 4
206 5 4
206 7 4
206 8 4
206 10 4
206 11 4
206 12 4
206 13 4
206 14 4
206 15 4
206 20 4
206 22 4
206 24 4
206 25 4
206 28 4
206 30 4
206 39 4
206 40 4
206 42 4
206 47 4
206 48 4
206 50 4
206 52 4
206 53 4
206 58 4
206 63 4
206 64 4
206 69 4
206 71 4
206 72 4
206 79 4
206 85 4
206 86 4
206 87 4
206 89 4
206 92 4
206 93 4
206 96 4
206 99 4
206 115 4
206 117 4
206 121 4
206 123 4
206 125 4
206 127 4
206 129 4
206 131 4
206 132 4
206 133 4
206 134 4
206 135 4
206 136 4
206 143 4
206 148 4
206 151 4
206 152 4
206 153 4
206 156 4
206 158 4
206 164 4
206 168 4
206 170 4
206 172 4
206 173 4
206 174 4
206 175 4
206 179 4
206 181 4
206 182 4
206 183 4
206 186 4
206 187 4
206 188 4
206 190 4
206 191 4
206 194 4
206 195 4
206 196 4
206 198 4
206 199 4
206 202 4
206 203 4
206 204 4
206 206 4
206 209 4
206 211 4
206 212 4
206 213 4
206 215 4
206 218 4
206 219 4
206 220 4
206 222 4
206 228 4
206 234 4
206 235 4
206 237 4
206 238 4
206 239 4
206 240 4
206 274 4
206 275 4
206 276 4
206 277 4
206 284 4
206 289 4
206 317 4
206 318 4
206 357 4
206 368 4
206 381 4
206 396 4
206 404 4
206 405 4
206 410 4
206 411 4
206 414 4
206 418 4
206 419 4
206 420 4
206 421 4
206 427 4
206 428 4
206 429 4
206 431 4
206 434 4
206 435 4
206 443 4
206 447 4
206 451 4
206 452 4
206 461 4
206 463 4
206 468 4
206 469 4
206 474 4
206 476 4
206 478 4
206 479 4
206 480 4
206 481 4
206 482 4
206 485 4
206 487 4
206 488 4
206 490 4
206 496 4
206 498 4
206 499 4
206 501 4
206 503 4
206 504 4
206 505 4
206 507 4
206 508 4
206 509 4
206 511 4
206 514 4
206 515 4
206 517 4
206 519 4
206 523 4
206 524 4
206 526 4
206 527 4
206 528 4
206 529 4
206 543 4
206 559 4
206 561 4
206 573 4
206 575 4
206 582 4
206 588 4
206 589 4
206 591 4
206 596 4
206 605 4
206 606 4
206 607 4
206 608 4
206 610 4
206 611 4
206 612 4
206 624 4
206 632 4
206 633 4
206 634 4
206 638 4
206 639 4
206 640 4
206 641 4
206 642 4
206 645 4
206 647 4
206 651 4
206 652 4
206 655 4
206 662 4
206 663 4
206 664 4
206 665 4
206 672 4
206 675 4
206 692 4
206 693 4
206 699 4
206 701 4
206 705 4
206 712 4
206 713 4
206 715 4
206 727 4
206 732 4
206 735 4
206 737 4
206 745 4
206 746 4
206 747 4
206 756 4
206 769 4
206 772 4
206 787 4
206 813 4
206 823 4
206 825 4
206 826 4
206 831 4
206 845 4
206 919 4
206 921 4
206 923 4
206 942 4
206 945 4
206 960 4
206 962 4
207 1 3
207 2 3
207 4 3
207 8 3
207 25 3
207 28 3
207 29 3
207 40 3
207 45 3
207 50 3
207 56 3
207 62 3
207 69 3
207 70 3
207 72 3
207 82 3
207 88 3
207 89 3
207 91 3
207 96 3
207 97 3
207 98 3
207 99 3
207 100 3
207 117 3
207 118 3
207 123 3
207 127 3
207 132 3
207 135 3
207 143 3
207 144 3
207 147 3
207 157 3
207 158 3
207 159 3
207 161 3
207 163 3
207 172 3
207 173 3
207 174 3
207 177 3
207 179 3
207 180 3
207 181 3
207 182 3
207 183 3
207 185 3
207 186 3
207 188 3
207 193 3
207 194 3
207 196 3
207 197 3
207 200 3
207 201 3
207 202 3
207 203 3
207 205 3
207 208 3
207 209 3
207 211 3
207 214 3
207 215 3
207 217 3
207 218 3
207 222 3
207 223 3
207 226 3
207 227 3
207 228 3
207 229 3
207 230 3
207 231 3
207 232 3
207 235 3
207 238 3
207 239 3
207 244 3
207 248 3
207 249 3
207 250 3
207 255 3
207 257 3
207 258 3
207 265 3
207 269 3
207 274 3
207 286 3
207 289 3
207 290 3
207 291 3
207 313 3
207 315 3
207 316 3
207 345 3
207 357 3
207 371 3
207 382 3
207 385 3
207 393 3
207 399 3
207 403 3
207 405 3
207 416 3
207 418 3
207 423 3
207 427 3
207 428 3
207 432 3
207 433 3
207 447 3
207 448 3
207 449 3
207 455 3
207 466 3
207 476 3
207 478 3
207 479 3
207 483 3
207 484 3
207 493 3
207 496 3
207 502 3
207 508 3
207 510 3
207 514 3
207 519 3
207 521 3
207 525 3
207 559 3
207 561 3
207 588 3
207 603 3
207 616 3
207 629 3
207 635 3
207 642 3
207 648 3
207 655 3
207 656 3
207 657 3
207 660 3
207 675 3
207 684 3
207 705 3
207 710 3
207 712 3
207 715 3
207 729 3
207 732 3
207 746 3
207 755 3
207 756 3
207 785 3
207 844 3
207 859 3
207 869 3
207 879 3
207 949 3
207 969 3
207 972 3
207 993 3
208 258 4
208 270 4
208 271 4
208 286 4
208 288 4
208 294 3
208 300 4
208 302 4
208 312 4
208 315 4
208 319 4
208 328 4
208 347 4
208 358 4
208 683 3
209 6 3
209 8 3
209 9 3
209 12 3
209 14 3
209 22 3
209 23 3
209 28 3
209 30 3
209 50 3
209 58 3
209 59 3
209 60 3
209 65 3
209 87 3
209 89 3
209 97 3
209 98 3
209 99 3
209 100 3
209 133 3
209 135 3
209 153 3
209 154 3
209 156 3
209 162 3
209 165 3
209 166 3
209 168 3
209 172 3
209 173 3
209 174 3
209 175 3
209 179 3
209 181 3
209 186 3
209 187 3
209 191 3
209 192 3
209 195 3
209 197 3
209 199 3
209 200 3
209 201 3
209 202 3
209 203 3
209 204 3
209 205 3
209 207 3
209 209 3
209 210 3
209 213 3
209 214 3
209 223 3
209 264 3
209 266 3
209 270 3
209 275 3
209 276 3
209 283 3
209 285 3
209 286 3
209 288 3
209 300 3
209 303 3
209 318 3
209 321 3
209 322 3
209 325 3
209 339 3
209 343 3
209 357 3
209 367 3
209 381 3
209 382 3
209 404 3
209 427 3
209 428 3
209 429 3
209 430 3
209 433 3
209 435 3
209 461 3
209 474 3
209 478 3
209 479 3
209 480 3
209 481 3
209 482 3
209 483 3
209 484 3
209 485 3
209 486 3
209 489 3
209 491 3
209 493 3
209 496 3
209 497 3
209 498 3
209 505 3
209 514 3
209 516 3
209 518 3
209 520 3
209 523 3
209 526 3
209 527 3
209 528 3
209 530 3
209 604 3
209 606 3
209 607 3
209 608 3
209 609 3
209 615 3
209 618 3
209 631 3
209 633 3
209 647 3
209 654 3
209 659 3
209 661 3
209 664 3
209 676 3
209 680 3
209 684 3
209 708 3
209 709 3
209 714 3
209 733 3
209 749 3
209 855 3
209 877 3
209 879 3
209 937 3
209 945 3
209 965 3
209 995 3
210 258 4
210 286 4
210 289 3
210 300 3
210 311 3
210 312 3
210 313 3
210 315 4
210 316 4
210 323 4
210 328 4
210 340 3
210 347 3
210 690 3
210 748 3
210 873 3
210 882 3
210 886 3
210 905 3
211 1 4
211 4 4
211 9 4
211 22 4
211 28 4
211 50 4
211 56 4
211 58 4
211 73 4
211 88 4
211 161 4
211 172 4
211 181 4
211 182 4
211 186 4
211 195 4
211 196 4
211 208 4
211 209 4
211 210 4
211 227 4
211 228 4
211 229 4
211 230 4
211 258 4
211 265 4
211 276 4
211 304 4
211 318 4
211 405 4
211 435 4
211 449 4
211 485 4
211 527 4
211 566 4
211 568 4
211 651 4
211 655 4
211 709 4
211 720 4
211 732 4
211 770 4
212 4 4
212 7 4
212 23 4
212 24 4
212 28 4
212 56 4
212 64 4
212 70 4
212 81 4
212 92 4
212 96 4
212 117 4
212 135 4
212 150 4
212 154 4
212 172 4
212 173 4
212 175 4
212 182 4
212 186 4
212 193 4
212 206 4
212 211 4
212 218 4
212 276 4
212 288 4
212 318 4
212 340 4
212 408 4
212 427 4
212 436 4
212 480 4
212 487 4
212 508 4
212 634 4
212 684 4
212 724 4
213 7 4
213 9 4
213 14 4
213 15 4
213 50 4
213 147 4
213 181 4
213 222 4
213 245 4
213 250 4
213 257 4
213 258 4
213 260 4
213 269 4
213 270 4
213 271 4
213 275 4
213 284 4
213 286 4
213 300 4
213 301 4
213 303 4
213 306 4
213 326 4
213 328 4
213 332 4
213 471 4
213 508 4
213 628 4
213 690 4
213 877 4
213 936 4
214 258 4
214 260 3
214 272 3
214 294 3
214 300 4
214 301 3
214 302 4
214 310 4
214 343 3
214 346 3
214 678 3
214 690 3
215 154 5
215 185 5
215 195 5
215 243 5
215 269 5
215 322 5
215 323 4
215 328 4
215 432 4
215 531 4
215 748 4
215 754 4
216 1 4
216 2 4
216 8 4
216 9 4
216 10 4
216 11 4
216 12 4
216 13 4
216 14 4
216 21 4
216 22 4
216 24 4
216 25 4
216 27 4
216 28 4
216 29 4
216 31 4
216 32 4
216 36 4
216 38 3
216 41 3
216 42 3
216 43 3
216 44 3
216 49 3
216 50 3
216 51 3
216 53 3
216 54 3
216 55 3
216 56 3
216 58 3
216 64 4
216 65 4
216 66 3
216 67 3
216 69 3
216 70 3
216 71 3
216 73 3
216 77 3
216 81 3
216 82 3
216 83 3
216 85 3
216 86 3
216 87 3
216 88 4
216 90 3
216 92 3
216 93 3
216 94 3
216 97 3
216 98 3
216 99 4
216 105 3
216 106 3
216 107 3
216 117 3
216 121 3
216 123 3
216 125 3
216 126 3
216 127 3
216 132 4
216 133 3
216 134 4
216 136 4
216 137 4
216 140 4
216 142 3
216 143 3
216 144 3
216 148 3
216 154 3
216 155 3
216 156 3
216 157 3
216 158 3
216 159 3
216 161 3
216 168 3
216 172 3
216 174 4
216 176 4
216 178 4
216 181 4
216 182 4
216 183 4
216 185 4
216 187 4
216 191 4
216 194 4
216 195 4
216 196 4
216 197 4
216 199 4
216 200 4
216 202 4
216 203 4
216 204 4
216 209 4
216 210 4
216 211 4
216 213 4
216 215 4
216 216 4
216 217 4
216 219 4
216 220 4
216 226 4
216 230 4
216 234 4
216 237 4
216 238 4
216 239 4
216 240 4
216 241 4
216 242 4
216 245 4
216 246 4
216 248 4
216 249 4
216 250 4
216 251 4
216 252 4
216 253 4
216 254 4
216 257 4
216 258 4
216 259 4
216 264 4
216 266 4
216 268 4
216 272 4
216 274 4
216 275 4
216 276 4
216 277 4
216 281 4
216 283 4
216 284 4
216 285 4
216 286 4
216 287 4
216 288 4
216 289 4
216 294 4
216 295 4
216 297 4
216 298 4
216 301 4
216 304 4
216 307 4
216 312 4
216 313 4
216 315 4
216 316 4
216 317 4
216 318 4
216 319 4
216 322 4
216 323 4
216 326 4
216 327 4
216 328 4
216 329 4
216 331 4
216 332 4
216 333 4
216 338 4
216 339 4
216 346 4
216 347 4
216 348 4
216 354 4
216 356 4
216 357 4
216 364 4
216 366 4
216 367 4
216 369 4
216 375 4
216 378 4
216 385 4
216 388 4
216 393 4
216 395 4
216 396 4
216 399 4
216 401 4
216 402 4
216 403 4
216 404 4
216 405 4
216 411 4
216 412 4
216 416 4
216 417 3
216 418 3
216 419 3
216 423 3
216 425 3
216 427 3
216 431 3
216 432 3
216 433 3
216 448 3
216 451 3
216 452 3
216 462 3
216 463 3
216 468 3
216 469 3
216 471 3
216 472 3
216 473 3
216 475 3
216 476 3
216 479 3
216 480 3
216 496 3
216 498 3
216 500 3
216 501 3
216 506 3
216 509 4
216 515 4
216 526 4
216 531 4
216 532 4
216 538 4
216 546 4
216 549 4
216 553 4
216 554 3
216 559 3
216 560 3
216 564 3
216 568 3
216 576 3
216 578 3
216 585 3
216 588 3
216 591 3
216 592 3
216 607 3
216 614 3
216 619 3
216 625 3
216 627 3
216 628 3
216 633 3
216 651 3
216 652 3
216 657 3
216 658 3
216 662 3
216 676 3
216 678 3
216 682 3
216 684 3
216 686 3
216 689 3
216 690 3
216 692 3
216 693 3
216 696 3
216 699 3
216 707 3
216 708 3
216 710 3
216 712 3
216 713 3
216 717 3
216 720 3
216 721 3
216 723 3
216 724 3
216 729 3
216 734 3
216 735 3
216 737 3
216 738 3
216 739 3
216 746 3
216 747 3
216 748 3
216 750 3
216 754 3
216 755 3
216 761 3
216 762 3
216 763 3
216 768 3
216 770 3
216 775 3
216 778 3
216 781 3
216 783 3
216 785 3
216 790 3
216 792 3
216 794 3
216 795 3
216 803 3
216 807 3
216 812 3
216 815 3
216 819 3
216 821 3
216 824 3
216 827 3
216 833 3
216 834 3
216 840 3
216 842 3
216 843 3
216 845 3
216 849 3
216 864 3
216 865 3
216 866 3
216 873 3
216 874 3
216 879 3
216 895 3
216 915 3
216 916 3
216 917 3
216 918 3
216 928 3
216 929 3
216 930 3
216 931 3
216 934 3
216 936 3
216 937 3
216 938 3
216 941 3
216 955 3
216 959 3
216 966 3
216 972 3
216 975 3
216 980 3
216 985 3
216 990 3
216 997 3
217 1 3
217 5 3
217 7 3
217 11 3
217 12 3
217 13 3
217 15 3
217 16 3
217 17 3
217 20 3
217 23 3
217 24 3
217 27 3
217 29 3
217 32 3
217 39 3
217 42 3
217 44 3
217 47 3
217 50 3
217 51 3
217 55 3
217 56 3
217 58 3
217 62 3
217 63 3
217 64 3
217 65 3
217 67 3
217 68 3
217 69 3
217 70 3
217 72 3
217 73 3
217 77 3
217 78 3
217 79 3
217 80 3
217 81 3
217 82 3
217 83 3
217 89 3
217 91 3
217 95 3
217 96 3
217 97 3
217 98 3
217 99 3
217 100 3
217 101 3
217 106 3
217 109 3
217 118 3
217 120 3
217 122 3
217 123 3
217 125 3
217 127 3
217 131 3
217 132 3
217 135 3
217 139 3
217 142 3
217 144 3
217 145 3
217 147 3
217 154 3
217 157 3
217 159 3
217 162 3
217 164 3
217 167 3
217 168 3
217 169 3
217 171 3
217 172 3
217 173 3
217 174 3
217 176 3
217 178 3
217 179 3
217 181 3
217 182 3
217 183 3
217 184 3
217 186 3
217 190 3
217 195 3
217 196 3
217 198 3
217 200 3
217 201 3
217 202 3
217 206 3
217 207 3
217 211 3
217 214 3
217 216 3
217 217 3
217 219 3
217 222 3
217 223 3
217 226 3
217 228 3
217 232 3
217 234 3
217 235 3
217 242 3
217 245 3
217 246 3
217 248 3
217 250 3
217 252 3
217 255 3
217 257 3
217 258 3
217 260 3
217 264 3
217 265 3
217 270 3
217 273 3
217 286 3
217 288 3
217 290 3
217 293 3
217 294 3
217 298 3
217 323 3
217 324 3
217 325 3
217 326 3
217 340 3
217 357 3
217 358 3
217 364 3
217 367 3
217 373 3
217 380 3
217 382 3
217 384 3
217 385 3
217 386 3
217 388 3
217 391 3
217 392 3
217 395 3
217 396 3
217 399 3
217 402 3
217 403 3
217 404 3
217 413 3
217 419 3
217 420 3
217 421 3
217 422 3
217 423 3
217 425 3
217 428 3
217 431 3
217 433 3
217 436 3
217 441 3
217 444 3
217 447 3
217 449 3
217 451 3
217 452 3
217 461 3
217 465 3
217 472 3
217 474 3
217 475 3
217 483 3
217 484 3
217 485 3
217 498 3
217 501 3
217 508 3
217 513 3
217 518 3
217 541 3
217 544 3
217 545 3
217 546 3
217 550 3
217 551 3
217 552 3
217 555 3
217 559 3
217 561 3
217 562 3
217 563 3
217 574 3
217 578 3
217 579 3
217 582 3
217 588 3
217 596 3
217 597 3
217 614 3
217 616 3
217 625 3
217 628 3
217 631 3
217 636 3
217 638 3
217 640 3
217 642 3
217 655 3
217 658 3
217 665 3
217 668 3
217 669 3
217 674 3
217 679 3
217 684 3
217 685 3
217 692 3
217 708 3
217 709 3
217 710 3
217 715 3
217 723 3
217 725 3
217 727 3
217 728 3
217 732 3
217 742 3
217 746 3
217 747 3
217 748 3
217 762 3
217 764 3
217 765 3
217 767 3
217 769 3
217 774 3
217 778 3
217 781 3
217 783 3
217 792 3
217 796 3
217 797 3
217 800 3
217 804 3
217 809 3
217 810 3
217 815 3
217 825 3
217 827 3
217 831 3
217 849 3
217 855 3
217 871 3
217 895 3
217 923 3
217 928 3
217 940 3
217 943 3
217 944 3
217 946 3
217 963 3
217 979 3
217 999 3
217 1000 3
218 288 2
218 301 2
218 304 2
218 313 2
218 315 3
218 328 3
218 331 3
218 333 3
218 344 3
218 346 3
218 750 3
218 895 3
218 899 3
219 14 5
219 50 5
219 79 5
219 89 5
219 100 5
219 173 5
219 181 5
219 257 5
219 275 5
219 286 5
219 405 5
219 478 5
219 488 5
219 604 5
219 615 5
219 705 5
220 14 5
220 19 4
220 86 4
220 100 5
220 116 4
220 137 4
220 251 4
220 270 4
220 283 4
220 288 4
220 301 4
220 319 4
220 331 4
220 408 4
220 478 4
220 484 4
220 513 4
220 603 4
220 750 4
221 4 4
221 11 4
221 12 4
221 50 5
221 56 5
221 82 4
221 87 5
221 89 5
221 100 5
221 124 5
221 127 5
221 129 5
221 144 5
221 156 5
221 164 5
221 172 5
221 174 5
221 175 5
221 176 5
221 183 5
221 185 5
221 187 5
221 194 5
221 200 5
221 213 5
221 218 5
221 219 5
221 234 5
221 238 5
221 302 5
221 333 5
221 443 5
221 448 5
221 474 5
221 516 5
221 517 4
221 603 4
221 653 4
221 657 4
221 672 4
221 674 4
221 709 4
221 879 4
221 914 4
221 915 4
222 1 4
222 5 3
222 15 4
222 50 4
222 53 4
222 93 3
222 98 4
222 100 4
222 109 3
222 124 3
222 126 3
222 127 4
222 129 3
222 137 3
222 151 3
222 181 3
222 184 3
222 200 3
222 201 3
222 217 3
222 219 3
222 235 3
222 250 3
222 257 3
222 258 3
222 260 3
222 270 3
222 273 3
222 275 3
222 276 3
222 286 3
222 287 3
222 288 3
222 293 3
222 294 3
222 299 3
222 307 3
222 324 3
222 325 3
222 326 3
222 327 3
222 358 3
222 370 3
222 379 3
222 396 3
222 410 3
222 436 3
222 447 3
222 448 3
222 452 3
222 458 3
222 475 3
222 477 3
222 515 3
222 551 3
222 558 3
222 559 3
222 561 3
222 590 3
222 665 3
222 671 3
222 672 3
222 682 3
222 742 3
222 760 3
222 854 3
222 867 3
222 922 3
222 926 3
223 9 4
223 15 5
223 125 4
223 127 4
223 148 4
223 237 4
223 245 4
223 258 4
223 269 4
223 272 4
223 282 4
223 299 4
223 300 4
223 302 4
223 307 4
223 310 4
223 313 4
223 315 4
223 322 4
223 323 4
223 326 4
223 327 4
223 328 4
223 333 4
223 340 4
223 344 4
223 347 4
223 348 4
223 355 4
223 471 4
223 546 4
223 591 4
223 628 4
223 678 4
223 689 4
223 690 4
223 696 4
223 744 4
223 748 4
223 750 4
223 751 4
223 754 4
223 823 4
223 879 4
223 924 4
223 977 4
224 1 4
224 9 4
224 14 4
224 15 4
224 25 4
224 50 4
224 100 4
224 115 4
224 127 4
224 151 4
224 172 4
224 243 4
224 261 4
224 275 4
224 288 4
224 289 4
224 294 4
224 310 4
224 427 4
224 435 4
224 508 4
224 681 4
224 740 4
224 882 4
224 989 4
225 1 4
225 2 4
225 7 4
225 17 4
225 22 4
225 24 4
225 32 4
225 38 4
225 39 4
225 53 4
225 55 4
225 56 4
225 62 4
225 68 4
225 79 4
225 82 4
225 83 4
225 98 4
225 100 4
225 117 4
225 118 4
225 121 4
225 124 4
225 127 4
225 144 4
225 145 4
225 147 4
225 156 4
225 168 4
225 171 4
225 172 4
225 174 4
225 176 4
225 177 4
225 178 4
225 180 4
225 183 4
225 185 4
225 187 4
225 188 4
225 191 4
225 195 4
225 198 4
225 200 4
225 201 4
225 204 4
225 207 4
225 209 4
225 210 4
225 218 4
225 219 4
225 222 4
225 227 4
225 229 4
225 230 4
225 231 4
225 232 4
225 234 4
225 241 4
225 244 4
225 250 4
225 252 4
225 257 4
225 259 4
225 272 4
225 281 4
225 286 4
225 288 4
225 289 4
225 298 4
225 302 4
225 305 4
225 307 4
225 310 4
225 313 4
225 316 4
225 318 4
225 322 4
225 323 4
225 324 4
225 325 4
225 327 4
225 333 4
225 338 4
225 340 4
225 343 4
225 346 4
225 355 4
225 358 4
225 362 4
225 363 4
225 379 4
225 385 4
225 398 4
225 424 4
225 429 4
225 445 4
225 447 4
225 452 4
225 474 4
225 475 4
225 491 4
225 515 4
225 520 4
225 522 4
225 538 4
225 540 4
225 550 4
225 562 4
225 566 4
225 568 4
225 573 4
225 576 4
225 583 4
225 590 4
225 597 4
225 636 4
225 669 4
225 670 4
225 675 4
225 678 4
225 679 4
225 686 4
225 689 4
225 690 4
225 748 4
225 750 4
225 751 4
225 759 4
225 823 4
225 825 4
225 831 4
225 841 4
225 853 4
225 877 4
225 879 4
225 895 4
225 912 4
225 943 4
225 976 4
226 23 4
226 50 4
226 98 4
226 99 4
226 132 4
226 133 4
226 134 4
226 135 4
226 168 4
226 174 4
226 182 4
226 185 4
226 191 4
226 194 4
226 197 4
226 199 4
226 200 4
226 204 4
226 208 4
226 211 4
226 318 4
226 332 4
226 418 4
226 427 4
226 428 4
226 429 4
226 430 4
226 432 4
226 435 4
226 474 4
226 478 4
226 480 4
226 483 4
226 486 4
226 488 4
226 490 4
226 491 4
226 492 4
226 493 4
226 494 4
226 504 4
226 505 4
226 510 4
226 511 4
226 524 4
226 525 4
226 526 4
226 527 4
226 603 4
226 605 4
226 606 4
226 607 4
226 608 4
226 610 4
226 613 4
226 614 4
226 616 4
226 631 4
226 633 4
226 646 4
226 648 4
226 651 4
226 653 4
226 654 4
226 655 4
226 657 4
226 673 4
226 754 4
226 836 4
226 848 4
227 245 3
227 258 4
227 263 4
227 286 4
227 300 4
227 302 4
227 303 4
227 328 4
227 332 4
227 341 4
227 680 4
227 682 4
227 688 4
227 874 4
227 937 4
227 938 4
227 989 4
227 990 4
228 243 2
228 259 2
228 268 2
228 271 2
228 272 3
228 286 3
228 289 3
228 294 3
228 300 3
228 305 3
228 307 3
228 312 3
228 313 3
228 316 3
228 322 3
228 323 3
228 326 3
228 332 3
228 334 3
228 338 3
228 340 3
228 347 3
228 350 3
228 538 3
228 690 3
228 750 3
228 875 3
228 877 3
228 879 3
228 886 3
228 896 3
228 908 3
228 988 3
229 1 3
229 2 3
229 3 3
229 4 3
229 7 3
229 8 3
229 12 3
229 15 3
229 21 3
229 22 3
229 23 3
229 24 3
229 26 3
229 28 3
229 31 3
229 32 3
229 45 3
229 47 3
229 48 3
229 50 3
229 52 3
229 53 3
229 55 3
229 56 3
229 58 3
229 62 3
229 63 3
229 64 3
229 66 3
229 68 3
229 69 3
229 70 3
229 72 3
229 73 3
229 77 3
229 79 3
229 82 3
229 83 3
229 85 3
229 86 3
229 87 3
229 88 3
229 89 3
229 90 3
229 91 3
229 92 3
229 93 3
229 95 3
229 96 3
229 97 3
229 101 3
229 109 3
229 114 3
229 117 3
229 118 3
229 123 3
229 124 3
229 127 3
229 128 3
229 132 3
229 133 3
229 134 3
229 137 3
229 140 3
229 141 3
229 143 3
229 144 3
229 150 3
229 151 3
229 153 3
229 154 3
229 157 3
229 159 3
229 161 3
229 162 3
229 163 3
229 164 3
229 165 3
229 166 3
229 168 3
229 170 3
229 172 3
229 174 3
229 178 3
229 179 3
229 181 3
229 183 3
229 185 3
229 186 3
229 188 3
229 190 3
229 191 3
229 193 3
229 195 3
229 197 3
229 201 3
229 202 3
229 203 3
229 207 3
229 208 3
229 209 3
229 210 3
229 211 3
229 214 3
229 216 3
229 218 3
229 219 3
229 223 3
229 225 3
229 229 3
229 232 3
229 233 3
229 237 3
229 238 3
229 248 3
229 249 3
229 250 3
229 258 3
229 264 3
229 265 3
229 273 3
229 274 3
229 275 3
229 276 3
229 277 3
229 280 3
229 281 3
229 282 3
229 283 3
229 288 3
229 290 3
229 291 3
229 298 3
229 301 3
229 318 3
229 319 3
229 321 3
229 338 3
229 340 3
229 356 3
229 365 3
229 366 3
229 367 3
229 371 3
229 378 3
229 382 3
229 385 3
229 387 3
229 392 3
229 393 3
229 403 3
229 404 3
229 405 3
229 410 3
229 411 3
229 415 3
229 418 3
229 419 3
229 423 3
229 427 3
229 428 3
229 430 3
229 431 3
229 432 3
229 433 3
229 435 3
229 436 3
229 441 3
229 448 3
229 455 3
229 457 3
229 466 3
229 467 3
229 468 3
229 470 3
229 473 3
229 475 3
229 480 3
229 481 3
229 482 3
229 483 3
229 484 3
229 485 3
229 491 3
229 493 3
229 496 3
229 499 3
229 500 3
229 502 3
229 504 3
229 505 3
229 508 3
229 511 3
229 514 3
229 520 3
229 527 3
229 531 3
229 535 3
229 537 3
229 546 3
229 549 3
229 550 3
229 559 3
229 566 3
229 568 3
229 569 3
229 570 3
229 578 3
229 581 3
229 584 3
229 591 3
229 602 3
229 603 3
229 611 3
229 625 3
229 627 3
229 628 3
229 629 3
229 631 3
229 633 3
229 635 3
229 636 3
229 640 3
229 642 3
229 652 3
229 654 3
229 658 3
229 662 3
229 665 3
229 671 3
229 672 3
229 673 3
229 679 3
229 684 3
229 686 3
229 692 3
229 693 3
229 700 3
229 702 3
229 705 3
229 708 3
229 709 3
229 710 3
229 726 3
229 729 3
229 732 3
229 735 3
229 742 3
229 744 3
229 747 3
229 755 3
229 756 3
229 761 3
229 762 3
229 763 3
229 768 3
229 780 3
229 794 3
229 804 3
229 805 3
229 806 3
229 820 3
229 826 3
229 833 3
229 845 3
229 847 3
229 921 3
229 928 3
229 941 3
229 944 3
229 961 3
229 967 3
229 972 3
230 9 4
230 10 4
230 12 4
230 19 4
230 42 4
230 56 4
230 100 4
230 101 4
230 124 4
230 129 4
230 137 4
230 148 4
230 152 4
230 164 4
230 181 4
230 221 4
230 222 4
230 234 4
230 237 4
230 248 4
230 253 4
230 258 4
230 264 4
230 273 4
230 276 4
230 286 4
230 288 4
230 293 4
230 300 4
230 302 4
230 318 4
230 328 4
230 436 4
230 462 4
230 514 4
230 515 4
230 527 4
230 528 4
230 547 4
230 628 4
230 656 4
230 674 4
230 744 4
231 245 2
231 286 3
231 300 3
231 302 3
231 307 3
231 322 3
231 327 3
231 690 3
231 748 3
231 879 3
231 988 3
232 1 3
232 3 3
232 7 3
232 24 3
232 50 3
232 93 3
232 100 3
232 108 3
232 109 3
232 111 3
232 117 3
232 118 3
232 121 3
232 123 3
232 150 3
232 151 3
232 181 3
232 222 3
232 237 3
232 246 3
232 248 3
232 249 3
232 250 3
232 257 3
232 258 3
232 274 3
232 276 3
232 284 3
232 294 3
232 295 3
232 300 3
232 315 3
232 405 3
232 410 3
232 411 3
232 508 3
232 546 3
232 628 3
232 678 3
232 742 3
232 763 3
232 815 3
232 844 3
232 871 3
233 50 4
233 59 4
233 60 4
233 95 4
233 173 4
233 174 4
233 194 4
233 246 4
233 268 4
233 269 4
233 273 3
233 276 3
233 294 3
233 302 3
233 303 3
233 322 3
233 323 3
233 325 3
233 326 3
233 333 3
233 358 3
233 435 3
233 474 3
233 507 3
233 657 3
233 690 3
233 748 3
233 919 3
234 7 4
234 9 4
234 111 4
234 121 4
234 125 4
234 147 4
234 148 4
234 151 4
234 220 4
234 237 4
234 274 4
234 275 4
234 283 4
234 287 4
234 288 4
234 347 4
234 406 4
234 471 4
234 477 4
234 546 4
234 628 4
234 743 4
234 756 4
234 763 4
234 815 4
234 819 4
234 928 3
234 975 3
235 1 4
235 3 4
235 4 3
235 5 3
235 7 3
235 9 4
235 12 4
235 15 4
235 21 4
235 22 4
235 23 4
235 24 4
235 25 4
235 27 4
235 28 4
235 29 4
235 31 4
235 38 3
235 40 3
235 42 3
235 45 3
235 49 3
235 50 4
235 52 4
235 54 3
235 62 3
235 63 3
235 64 4
235 67 3
235 68 3
235 69 3
235 71 3
235 72 3
235 73 3
235 80 3
235 81 3
235 82 3
235 83 3
235 85 3
235 86 3
235 89 3
235 90 3
235 95 3
235 96 3
235 100 4
235 105 3
235 108 3
235 109 3
235 111 3
235 115 3
235 117 3
235 118 3
235 121 3
235 122 3
235 123 3
235 128 3
235 132 3
235 135 3
235 136 3
235 141 3
235 148 3
235 151 3
235 152 3
235 153 3
235 154 3
235 156 3
235 157 3
235 159 3
235 160 3
235 161 3
235 162 3
235 163 3
235 164 3
235 167 3
235 168 3
235 171 3
235 172 3
235 173 3
235 174 3
235 175 4
235 176 4
235 182 4
235 183 4
235 184 4
235 185 4
235 186 4
235 187 4
235 188 4
235 190 4
235 191 4
235 195 4
235 196 4
235 199 4
235 200 4
235 204 4
235 206 4
235 211 4
235 214 4
235 215 4
235 216 4
235 217 4
235 218 4
235 219 4
235 222 4
235 225 4
235 226 4
235 227 4
235 228 4
235 229 4
235 230 4
235 234 4
235 239 4
235 240 4
235 245 4
235 246 4
235 250 4
235 252 4
235 255 4
235 257 4
235 258 4
235 260 4
235 264 4
235 273 4
235 284 4
235 290 4
235 291 4
235 294 3
235 299 3
235 307 3
235 313 4
235 317 4
235 318 4
235 321 4
235 327 4
235 338 3
235 343 3
235 351 3
235 354 3
235 357 3
235 358 3
235 367 3
235 369 3
235 376 3
235 380 3
235 381 3
235 382 3
235 384 3
235 385 3
235 386 3
235 392 3
235 393 3
235 394 3
235 399 3
235 402 3
235 403 3
235 404 3
235 410 3
235 411 3
235 413 3
235 423 3
235 424 3
235 431 3
235 433 3
235 434 3
235 435 3
235 436 3
235 443 3
235 447 3
235 448 3
235 451 3
235 455 3
235 462 3
235 465 3
235 470 3
235 473 3
235 474 3
235 476 3
235 520 3
235 541 3
235 542 3
235 546 3
235 550 3
235 554 3
235 561 3
235 562 3
235 566 3
235 567 3
235 568 3
235 569 3
235 571 3
235 572 3
235 573 3
235 576 3
235 577 3
235 578 3
235 584 3
235 587 3
235 588 3
235 597 3
235 616 3
235 625 3
235 628 3
235 631 3
235 637 3
235 640 3
235 649 3
235 652 3
235 655 3
235 659 3
235 665 3
235 672 3
235 673 3
235 674 3
235 675 3
235 679 3
235 684 3
235 693 3
235 696 3
235 697 3
235 710 3
235 713 3
235 715 3
235 717 3
235 720 3
235 729 3
235 732 3
235 743 3
235 746 3
235 748 3
235 751 3
235 752 3
235 756 3
235 760 3
235 762 3
235 780 3
235 781 3
235 786 3
235 790 3
235 792 3
235 797 3
235 800 3
235 820 3
235 821 3
235 825 3
235 826 3
235 831 3
235 834 3
235 841 3
235 845 3
235 862 3
235 885 3
235 890 3
235 895 3
235 924 3
235 926 3
235 928 3
235 929 3
235 943 3
235 944 3
235 961 3
235 977 3
235 983 3
236 21 2
236 23 3
236 26 3
236 38 3
236 39 3
236 43 3
236 47 3
236 65 3
236 66 3
236 72 3
236 83 3
236 90 3
236 92 3
236 95 3
236 96 3
236 98 3
236 102 3
236 111 3
236 125 3
236 127 3
236 132 3
236 133 3
236 157 3
236 159 3
236 161 3
236 168 3
236 172 3
236 174 4
236 179 4
236 182 4
236 186 4
236 200 4
236 204 4
236 215 4
236 216 4
236 217 4
236 218 4
236 219 4
236 226 4
236 238 4
236 265 4
236 287 4
236 288 4
236 313 4
236 325 4
236 327 4
236 340 4
236 347 4
236 367 4
236 381 4
236 392 4
236 400 3
236 411 3
236 433 3
236 441 3
236 447 3
236 454 3
236 503 3
236 504 3
236 506 3
236 537 3
236 546 3
236 553 3
236 559 3
236 568 3
236 581 3
236 585 3
236 595 3
236 628 3
236 642 3
236 649 3
236 655 3
236 658 3
236 660 3
236 708 3
236 710 3
236 715 3
236 721 3
236 723 3
236 739 3
236 742 3
236 746 3
236 748 3
236 761 3
236 762 3
236 763 3
236 790 3
236 794 3
236 821 3
236 845 3
236 895 3
236 974 3
237 5 3
237 11 4
237 12 4
237 14 4
237 28 4
237 30 4
237 42 4
237 47 4
237 50 4
237 51 4
237 56 4
237 58 4
237 65 4
237 69 4
237 70 4
237 77 4
237 79 4
237 82 4
237 83 4
237 86 4
237 87 4
237 88 4
237 89 4
237 90 4
237 91 4
237 95 4
237 97 4
237 98 4
237 99 4
237 111 4
237 116 4
237 118 4
237 124 4
237 131 4
237 132 4
237 133 4
237 134 4
237 137 4
237 143 4
237 144 4
237 151 4
237 154 4
237 155 4
237 161 4
237 162 4
237 165 4
237 166 4
237 168 4
237 170 4
237 173 4
237 174 4
237 176 4
237 179 4
237 180 4
237 181 4
237 183 4
237 185 4
237 186 4
237 190 4
237 191 4
237 195 4
237 197 4
237 204 4
237 207 4
237 208 4
237 211 4
237 212 4
237 213 4
237 214 4
237 216 4
237 217 4
237 218 4
237 219 4
237 229 4
237 234 4
237 237 4
237 238 4
237 239 4
237 244 4
237 253 4
237 254 4
237 265 4
237 275 4
237 276 4
237 281 4
237 283 4
237 286 4
237 287 4
237 288 4
237 292 4
237 301 4
237 318 4
237 378 4
237 381 4
237 387 4
237 393 4
237 402 4
237 404 4
237 412 4
237 415 4
237 418 4
237 419 4
237 421 4
237 423 4
237 428 4
237 432 4
237 433 4
237 435 4
237 436 4
237 447 4
237 450 4
237 451 4
237 466 4
237 473 4
237 478 4
237 479 4
237 480 4
237 482 4
237 484 4
237 485 4
237 496 4
237 497 4
237 499 4
237 501 4
237 507 4
237 512 4
237 514 4
237 517 4
237 518 4
237 521 4
237 523 4
237 559 4
237 566 4
237 581 4
237 582 4
237 583 4
237 584 4
237 588 4
237 603 4
237 607 4
237 614 4
237 629 4
237 640 4
237 642 4
237 651 4
237 652 4
237 654 4
237 655 4
237 657 4
237 658 4
237 660 4
237 663 4
237 665 4
237 672 4
237 674 4
237 683 4
237 684 4
237 692 4
237 696 4
237 697 4
237 698 4
237 699 4
237 702 4
237 705 4
237 707 4
237 708 4
237 709 4
237 710 4
237 727 4
237 730 4
237 732 4
237 736 4
237 737 4
237 739 4
237 746 4
237 747 4
237 748 4
237 753 4
237 755 4
237 770 4
237 778 4
237 794 4
237 812 4
237 842 4
237 843 4
237 946 4
237 969 4
238 1 4
238 9 4
238 15 4
238 21 4
238 50 4
238 100 4
238 118 4
238 220 4
238 237 4
238 245 4
238 269 4
238 321 4
238 471 4
238 476 4
238 815 4
238 845 4
238 864 4
238 866 4
239 7 3
239 93 3
239 100 4
239 121 4
239 147 4
239 237 4
239 240 3
239 242 3
239 257 3
239 273 4
239 276 4
239 282 4
239 285 4
239 293 4
239 300 4
239 301 4
239 307 4
239 405 4
239 475 4
239 591 4
239 895 4
240 70 2
240 86 3
240 171 3
240 198 3
240 271 3
240 272 3
240 283 3
240 300 3
240 310 3
240 312 3
240 313 3
240 319 3
240 328 3
240 329 3
240 340 3
240 350 3
240 512 3
240 515 3
240 690 3
240 736 3
240 749 3
240 750 3
240 751 3
240 886 3
240 904 3
240 921 3
240 937 3
240 988 3
241 7 3
241 9 3
241 25 3
241 117 3
241 121 3
241 259 3
241 313 3
241 342 3
241 405 3
241 751 3
242 7 2
242 11 2
242 12 2
242 14 2
242 17 2
242 26 2
242 29 2
242 31 2
242 33 2
242 38 2
242 39 2
242 41 2
242 42 2
242 44 2
242 53 2
242 54 2
242 55 2
242 56 2
242 62 2
242 64 2
242 67 2
242 68 2
242 79 2
242 82 2
242 98 2
242 100 2
242 117 2
242 129 2
242 144 2
242 150 2
242 154 2
242 156 2
242 159 2
242 161 2
242 168 2
242 174 2
242 176 2
242 177 2
242 182 2
242 184 2
242 186 2
242 195 2
242 203 2
242 204 2
242 209 2
242 210 2
242 219 2
242 226 2
242 228 2
242 230 2
242 231 2
242 234 2
242 240 2
242 273 2
242 276 2
242 281 2
242 286 2
242 288 2
242 294 2
242 318 2
242 342 2
242 367 2
242 385 2
242 401 2
242 403 2
242 410 2
242 436 2
242 449 2
242 452 2
242 482 2
242 508 2
242 546 2
242 550 2
242 554 2
242 559 2
242 569 2
242 572 2
242 576 2
242 578 2
242 591 2
242 628 2
242 635 2
242 636 2
242 665 2
242 672 2
242 684 2
242 685 2
242 695 2
242 710 2
242 746 2
242 769 2
242 780 2
242 800 2
242 810 2
242 834 2
242 873 2
242 943 2
242 975 2
242 979 2
242 988 2
243 271 3
243 286 3
243 294 3
243 309 3
243 327 3
243 340 3
243 343 3
243 644 3
243 678 3
243 687 3
244 9 4
244 100 4
244 245 4
244 251 4
244 258 4
244 275 4
244 300 4
244 313 4
244 515 4
244 748 4
244 751 4
244 906 4
245 7 3
245 9 3
245 12 3
245 23 3
245 28 3
245 50 3
245 55 3
245 64 3
245 79 3
245 87 3
245 100 3
245 117 3
245 118 3
245 121 3
245 123 3
245 127 3
245 144 3
245 147 3
245 150 3
245 174 3
245 181 3
245 195 3
245 203 3
245 204 3
245 208 3
245 209 3
245 235 3
245 237 3
245 245 2
245 246 3
245 248 3
245 268 3
245 273 3
245 291 2
245 293 2
245 295 2
245 302 2
245 310 3
245 313 3
245 324 2
245 325 2
245 330 2
245 333 2
245 340 2
245 346 2
245 410 2
245 460 2
245 475 2
245 479 2
245 480 2
245 504 2
245 544 2
245 591 2
245 595 2
245 597 2
245 603 2
245 628 2
245 644 2
245 689 2
245 742 2
245 748 2
245 752 2
245 762 2
245 763 2
245 818 2
245 823 2
245 829 2
245 831 2
245 840 2
245 844 2
245 845 2
245 871 2
245 881 2
245 886 2
245 895 2
245 908 2
245 919 2
245 959 2
245 979 2
246 268 2
246 269 2
246 270 2
246 286 2
246 288 2
246 292 2
246 301 2
246 302 2
246 303 2
246 306 2
246 311 2
246 326 2
246 328 2
246 332 2
246 334 2
246 690 2
246 748 2
246 754 2
246 880 2
246 883 2
246 888 2
247 1 4
247 5 4
247 7 4
247 11 4
247 17 3
247 27 3
247 28 3
247 31 3
247 55 4
247 56 4
247 65 4
247 68 4
247 69 4
247 70 4
247 85 4
247 89 4
247 91 4
247 96 4
247 98 4
247 100 4
247 111 4
247 117 4
247 121 4
247 123 4
247 133 4
247 135 4
247 144 4
247 147 4
247 148 4
247 150 4
247 151 4
247 153 4
247 156 4
247 157 4
247 158 4
247 174 4
247 176 4
247 180 4
247 183 4
247 204 4
247 209 4
247 218 4
247 222 4
247 227 4
247 231 4
247 234 4
247 248 4
247 252 4
247 258 4
247 260 4
247 281 4
247 284 4
247 286 4
247 290 4
247 293 4
247 298 4
247 300 4
247 367 4
247 405 4
247 410 4
247 435 4
247 447 4
247 469 4
247 483 4
247 484 4
247 498 4
247 544 4
247 546 4
247 559 4
247 582 4
247 591 4
247 597 4
247 629 4
247 642 4
247 678 4
247 742 4
247 748 4
247 760 4
247 815 4
247 823 4
247 845 3
247 866 3
247 879 3
247 926 3
247 963 3
247 981 3
248 262 4
248 268 4
248 269 4
248 271 4
248 286 4
248 301 4
248 303 4
248 304 4
248 307 4
248 316 4
248 321 4
248 327 4
248 333 4
248 338 4
248 340 4
248 344 4
248 345 4
248 360 4
248 750 4
248 887 4
248 896 4
248 900 4
249 9 4
249 15 5
249 59 5
249 61 4
249 100 4
249 105 4
249 117 4
249 122 4
249 127 4
249 137 4
249 170 4
249 171 4
249 179 4
249 212 4
249 224 4
249 244 4
249 248 4
249 251 4
249 269 4
249 273 4
249 276 4
249 282 4
249 286 4
249 288 4
249 291 4
249 293 4
249 310 4
249 337 4
249 410 4
249 459 4
249 473 4
249 546 4
249 558 4
249 702 4
249 742 4
249 748 4
249 763 4
249 936 4
249 971 4
249 983 4
250 1 4
250 2 4
250 3 4
250 4 4
250 7 4
250 10 4
250 12 4
250 13 4
250 15 4
250 26 4
250 28 4
250 29 4
250 35 4
250 38 4
250 39 4
250 49 4
250 51 4
250 54 4
250 56 4
250 58 4
250 60 4
250 64 4
250 65 4
250 66 4
250 67 4
250 70 4
250 71 4
250 73 4
250 77 4
250 80 4
250 81 4
250 82 4
250 83 4
250 86 4
250 87 4
250 88 4
250 89 4
250 90 4
250 92 4
250 94 4
250 95 4
250 97 4
250 99 4
250 100 4
250 101 4
250 110 4
250 112 4
250 114 4
250 117 4
250 121 4
250 123 4
250 125 4
250 126 4
250 127 4
250 131 4
250 132 4
250 133 4
250 134 4
250 135 4
250 136 4
250 139 4
250 141 4
250 142 4
250 143 4
250 144 4
250 145 4
250 152 4
250 153 4
250 154 4
250 155 4
250 157 4
250 158 4
250 161 4
250 162 4
250 163 4
250 164 4
250 166 4
250 167 4
250 168 4
250 169 4
250 173 4
250 174 4
250 176 4
250 177 4
250 179 4
250 180 4
250 182 4
250 183 4
250 185 4
250 187 4
250 191 4
250 192 4
250 193 4
250 194 4
250 195 4
250 196 4
250 199 4
250 200 4
250 202 4
250 203 4
250 204 4
250 205 4
250 207 4
250 208 4
250 210 4
250 211 4
250 215 4
250 216 4
250 218 4
250 222 4
250 223 4
250 225 4
250 226 4
250 227 4
250 229 4
250 231 4
250 233 4
250 237 4
250 238 4
250 239 4
250 241 4
250 245 4
250 252 4
250 254 4
250 258 4
250 264 4
250 265 4
250 269 4
250 272 4
250 274 4
250 275 4
250 277 4
250 278 4
250 280 4
250 281 4
250 282 4
250 283 4
250 287 4
250 288 4
250 290 4
250 292 4
250 294 4
250 299 4
250 300 4
250 301 4
250 302 4
250 304 4
250 305 4
250 310 4
250 311 4
250 312 4
250 313 4
250 315 4
250 316 4
250 328 4
250 332 4
250 340 4
250 354 4
250 357 4
250 367 4
250 371 4
250 373 4
250 378 4
250 380 4
250 381 4
250 382 4
250 383 4
250 384 4
250 385 4
250 387 4
250 393 4
250 395 4
250 396 4
250 400 4
250 401 4
250 402 4
250 414 4
250 416 4
250 417 4
250 418 4
250 419 4
250 421 4
250 422 4
250 427 4
250 428 4
250 430 4
250 431 4
250 432 4
250 433 4
250 434 4
250 435 4
250 448 4
250 451 4
250 455 4
250 462 4
250 465 4
250 467 4
250 468 4
250 469 4
250 470 4
250 471 4
250 472 4
250 474 4
250 476 4
250 477 4
250 478 4
250 479 4
250 480 4
250 481 4
250 482 4
250 483 4
250 484 4
250 487 4
250 488 4
250 490 4
250 491 4
250 493 4
250 494 4
250 495 4
250 496 4
250 497 4
250 499 4
250 500 4
250 502 4
250 503 4
250 505 4
250 506 4
250 507 4
250 509 4
250 510 4
250 511 4
250 514 4
250 518 4
250 520 4
250 523 4
250 525 4
250 526 4
250 527 4
250 528 4
250 530 4
250 535 4
250 549 4
250 550 4
250 553 4
250 557 4
250 558 4
250 559 4
250 561 4
250 566 4
250 568 4
250 570 4
250 582 4
250 583 4
250 589 4
250 591 4
250 602 4
250 604 4
250 606 4
250 607 4
250 608 4
250 609 4
250 610 4
250 611 4
250 612 4
250 613 4
250 614 4
250 618 4
250 620 4
250 622 4
250 629 4
250 630 4
250 631 4
250 632 4
250 633 4
250 637 4
250 642 4
250 647 4
250 648 4
250 650 4
250 651 4
250 655 4
250 657 4
250 659 4
250 660 4
250 661 4
250 663 4
250 673 4
250 679 4
250 685 4
250 686 4
250 689 4
250 692 4
250 693 4
250 700 4
250 704 4
250 705 4
250 707 4
250 708 4
250 709 4
250 710 4
250 712 4
250 714 4
250 715 4
250 716 4
250 717 4
250 723 4
250 727 4
250 728 4
250 729 4
250 731 4
250 735 4
250 736 4
250 739 4
250 742 4
250 747 4
250 748 4
250 751 4
250 761 4
250 762 4
250 765 4
250 771 4
250 774 4
250 775 4
250 778 4
250 783 4
250 785 4
250 790 4
250 792 4
250 794 4
250 801 4
250 807 4
250 815 4
250 821 4
250 823 4
250 832 4
250 837 4
250 842 4
250 845 4
250 846 4
250 847 4
250 865 4
250 869 4
250 873 4
250 878 4
250 900 4
250 902 4
250 904 4
250 905 4
250 908 4
250 921 4
250 923 4
250 926 4
250 928 4
250 934 4
250 936 4
250 939 4
250 940 4
250 942 4
250 951 4
250 956 4
250 965 4
250 966 4
250 967 4
250 969 4
251 242 2
251 243 2
251 259 1
251 260 1
251 262 1
251 263 1
251 264 1
251 268 2
251 269 2
251 270 2
251 286 2
251 288 2
251 289 2
251 292 2
251 294 2
251 299 2
251 300 2
251 301 2
251 305 2
251 307 2
251 308 2
251 319 2
251 322 2
251 323 2
251 325 2
251 327 2
251 328 2
251 329 2
251 330 2
251 331 2
251 332 2
251 333 2
251 336 2
251 359 2
251 360 2
251 457 2
251 680 2
251 681 2
251 682 2
251 683 2
251 687 2
251 688 2
251 749 2
251 872 2
251 874 2
251 877 2
251 879 2
251 880 2
251 881 2
251 882 2
251 883 2
251 884 2
251 937 2
251 938 2
251 984 2
251 989 2
251 995 2
252 7 3
252 8 3
252 14 3
252 22 3
252 25 3
252 27 3
252 48 3
252 52 3
252 60 3
252 61 3
252 62 3
252 64 3
252 66 3
252 69 3
252 70 3
252 73 3
252 79 3
252 86 3
252 88 3
252 89 3
252 96 3
252 97 3
252 99 3
252 111 3
252 121 3
252 124 3
252 127 3
252 134 3
252 135 3
252 136 3
252 143 3
252 152 3
252 154 3
252 156 3
252 161 3
252 162 3
252 163 3
252 168 3
252 170 3
252 171 3
252 173 3
252 174 3
252 180 3
252 181 3
252 183 3
252 185 3
252 186 3
252 187 3
252 188 3
252 191 3
252 194 3
252 195 3
252 197 3
252 201 3
252 202 3
252 203 3
252 204 3
252 207 3
252 211 3
252 212 3
252 216 3
252 234 3
252 237 3
252 243 3
252 245 3
252 259 3
252 269 3
252 276 3
252 286 3
252 294 3
252 318 3
252 371 3
252 404 3
252 418 3
252 419 3
252 420 3
252 423 3
252 427 3
252 430 3
252 432 3
252 435 3
252 443 3
252 455 3
252 458 3
252 461 3
252 462 3
252 465 3
252 467 3
252 472 3
252 479 3
252 482 3
252 483 3
252 485 3
252 488 3
252 490 3
252 491 3
252 492 3
252 494 3
252 495 3
252 496 3
252 498 3
252 502 3
252 506 3
252 509 3
252 510 3
252 513 3
252 517 3
252 518 3
252 521 3
252 523 3
252 526 3
252 530 3
252 531 3
252 554 3
252 576 3
252 588 3
252 597 3
252 603 3
252 609 3
252 614 3
252 615 3
252 624 3
252 631 3
252 636 3
252 641 3
252 648 3
252 654 3
252 659 3
252 660 3
252 684 3
252 729 3
252 736 3
252 780 3
252 792 3
252 805 3
252 815 3
252 856 3
252 863 3
252 874 3
252 924 3
252 947 3
252 969 3
252 971 3
253 3 2
253 4 2
253 9 3
253 11 3
253 12 3
253 17 3
253 22 3
253 24 3
253 33 3
253 42 3
253 48 3
253 49 3
253 50 3
253 53 3
253 59 3
253 68 3
253 69 3
253 73 3
253 77 3
253 79 3
253 80 3
253 93 3
253 94 3
253 98 3
253 100 3
253 117 3
253 122 3
253 125 3
253 132 3
253 143 3
253 154 3
253 156 3
253 157 3
253 158 3
253 164 3
253 168 3
253 172 3
253 174 3
253 181 3
253 184 3
253 186 3
253 188 3
253 196 3
253 204 3
253 210 3
253 214 3
253 223 3
253 231 3
253 233 3
253 234 3
253 238 3
253 239 3
253 246 3
253 248 3
253 254 3
253 258 3
253 268 3
253 276 3
253 288 3
253 298 3
253 318 3
253 354 3
253 356 3
253 357 3
253 364 3
253 367 3
253 369 3
253 384 3
253 385 3
253 393 3
253 401 3
253 402 3
253 410 3
253 412 3
253 416 3
253 421 3
253 423 3
253 424 3
253 427 3
253 456 3
253 471 3
253 475 3
253 476 3
253 496 3
253 508 3
253 509 3
253 515 3
253 550 3
253 566 3
253 568 3
253 578 3
253 591 3
253 628 3
253 651 3
253 655 3
253 684 3
253 693 3
253 697 3
253 717 3
253 721 3
253 742 3
253 871 3
253 959 3
253 963 3
254 1 3
254 11 2
254 12 3
254 22 3
254 28 3
254 50 3
254 51 3
254 55 3
254 56 3
254 66 3
254 69 3
254 70 3
254 73 3
254 76 3
254 77 2
254 79 2
254 82 2
254 87 2
254 88 2
254 89 2
254 96 3
254 97 3
254 98 3
254 99 3
254 100 3
254 107 3
254 114 3
254 117 3
254 118 3
254 121 2
254 124 3
254 131 2
254 133 2
254 134 2
254 136 3
254 143 2
254 144 3
254 153 3
254 161 3
254 162 3
254 164 3
254 169 3
254 172 3
254 173 3
254 174 3
254 181 3
254 182 3
254 185 3
254 191 3
254 193 3
254 194 3
254 195 3
254 196 3
254 197 3
254 199 3
254 202 3
254 203 3
254 204 3
254 210 3
254 211 3
254 215 3
254 222 3
254 228 3
254 234 3
254 237 3
254 245 3
254 248 3
254 250 3
254 255 3
254 257 3
254 258 3
254 259 2
254 260 2
254 270 2
254 272 2
254 277 2
254 279 2
254 286 2
254 289 2
254 293 2
254 300 2
254 310 2
254 315 2
254 316 2
254 317 2
254 318 3
254 322 2
254 323 2
254 326 2
254 356 2
254 357 2
254 378 2
254 385 2
254 392 2
254 404 2
254 414 2
254 418 2
254 419 2
254 423 2
254 427 2
254 431 2
254 434 2
254 451 2
254 454 2
254 465 2
254 468 2
254 474 2
254 478 2
254 479 2
254 482 2
254 483 2
254 484 2
254 485 2
254 487 2
254 490 3
254 492 3
254 493 3
254 496 3
254 497 3
254 507 3
254 509 3
254 519 3
254 520 3
254 526 3
254 528 3
254 531 3
254 566 3
254 568 3
254 603 3
254 605 3
254 607 3
254 610 3
254 612 3
254 614 3
254 627 3
254 631 3
254 633 3
254 642 3
254 649 3
254 651 3
254 654 3
254 655 3
254 657 3
254 659 3
254 660 3
254 678 3
254 685 3
254 686 3
254 692 3
254 693 3
254 694 3
254 705 3
254 707 3
254 724 3
254 735 3
254 736 3
254 740 3
254 742 3
254 746 3
254 836 3
254 837 3
254 842 3
254 873 3
254 875 3
254 879 3
254 939 3
254 945 3
254 956 3
254 968 3
255 1 4
255 2 4
255 4 4
255 7 4
255 8 4
255 9 4
255 12 4
255 14 4
255 17 4
255 20 4
255 24 4
255 25 4
255 31 4
255 39 4
255 40 4
255 42 4
255 44 4
255 47 4
255 53 4
255 56 4
255 57 4
255 58 4
255 64 4
255 65 4
255 69 4
255 70 4
255 71 4
255 87 4
255 89 4
255 96 4
255 97 4
255 98 4
255 118 4
255 123 4
255 125 4
255 126 4
255 135 4
255 148 4
255 161 4
255 170 4
255 173 4
255 174 4
255 176 4
255 191 4
255 196 4
255 197 4
255 204 4
255 214 4
255 217 4
255 222 4
255 223 4
255 228 4
255 234 4
255 237 4
255 241 4
255 245 4
255 252 4
255 255 4
255 257 4
255 265 4
255 270 4
255 275 4
255 276 4
255 277 4
255 279 4
255 281 4
255 282 4
255 288 4
255 289 4
255 291 4
255 292 4
255 293 4
255 298 4
255 300 4
255 301 4
255 304 4
255 307 4
255 318 4
255 321 4
255 323 4
255 334 4
255 343 4
255 380 4
255 382 4
255 393 4
255 402 4
255 405 4
255 423 4
255 428 4
255 447 4
255 455 4
255 462 4
255 465 4
255 471 4
255 475 4
255 504 4
255 508 4
255 511 4
255 515 4
255 518 4
255 529 4
255 531 4
255 549 4
255 582 4
255 584 4
255 591 4
255 597 4
255 627 4
255 628 4
255 629 4
255 647 4
255 660 4
255 678 4
255 692 4
255 694 4
255 709 4
255 724 4
255 727 4
255 738 4
255 747 4
255 755 4
255 778 4
255 898 4
255 934 4
255 939 4
256 1 4
256 4 4
256 9 4
256 12 4
256 13 4
256 22 4
256 23 4
256 32 4
256 42 4
256 46 4
256 50 4
256 53 4
256 54 3
256 57 3
256 60 3
256 61 3
256 68 3
256 69 3
256 71 3
256 79 3
256 80 3
256 86 3
256 91 3
256 92 3
256 95 3
256 97 3
256 99 3
256 100 3
256 101 3
256 111 3
256 121 3
256 125 3
256 127 3
256 133 3
256 135 3
256 143 3
256 161 3
256 168 3
256 170 3
256 172 3
256 174 3
256 175 3
256 177 3
256 179 3
256 180 3
256 181 3
256 182 3
256 185 3
256 186 3
256 187 3
256 188 3
256 196 3
256 197 3
256 200 3
256 202 3
256 208 3
256 210 4
256 211 3
256 216 3
256 218 3
256 222 3
256 226 3
256 228 3
256 231 3
256 232 3
256 234 3
256 238 3
256 268 3
256 273 3
256 274 3
256 282 3
256 286 3
256 294 3
256 325 3
256 346 3
256 357 3
256 366 3
256 369 3
256 403 3
256 410 3
256 414 3
256 419 3
256 421 3
256 423 3
256 427 3
256 431 3
256 432 3
256 433 3
256 443 3
256 447 3
256 448 3
256 449 3
256 452 3
256 460 3
256 461 3
256 462 3
256 474 3
256 475 3
256 479 3
256 484 3
256 490 3
256 498 3
256 505 3
256 506 3
256 508 3
256 523 3
256 546 3
256 568 3
256 578 3
256 581 3
256 582 3
256 603 3
256 608 3
256 616 3
256 640 3
256 655 3
256 658 3
256 660 3
256 662 3
256 672 3
256 673 3
256 693 3
256 696 3
256 708 3
256 710 3
256 715 3
256 720 3
256 721 3
256 737 3
256 743 3
256 789 3
256 806 3
256 818 3
256 845 3
256 864 3
256 919 3
256 922 3
256 933 3
256 943 3
256 955 3
256 959 3
256 963 3
256 979 3
256 985 3
257 7 4
257 8 4
257 9 4
257 11 4
257 12 4
257 14 4
257 15 5
257 20 4
257 22 5
257 27 4
257 31 4
257 38 4
257 44 4
257 45 4
257 48 4
257 50 4
257 51 4
257 52 4
257 53 4
257 54 4
257 56 4
257 57 4
257 58 4
257 59 4
257 62 4
257 64 4
257 65 4
257 66 4
257 70 4
257 77 4
257 79 4
257 82 4
257 83 4
257 86 4
257 89 4
257 91 4
257 94 4
257 96 4
257 97 4
257 100 4
257 105 4
257 114 4
257 117 4
257 118 4
257 122 4
257 127 4
257 132 4
257 134 4
257 137 4
257 143 4
257 144 4
257 148 4
257 151 4
257 155 4
257 156 4
257 157 4
257 161 4
257 162 4
257 164 4
257 168 4
257 172 4
257 173 4
257 174 4
257 176 4
257 180 4
257 181 4
257 182 4
257 183 4
257 185 4
257 186 4
257 190 4
257 191 4
257 192 4
257 193 4
257 195 4
257 196 4
257 197 4
257 200 4
257 203 4
257 204 4
257 209 4
257 214 4
257 215 4
257 216 4
257 218 4
257 219 4
257 223 4
257 226 4
257 228 4
257 229 4
257 230 4
257 231 4
257 232 4
257 234 4
257 235 4
257 237 4
257 239 4
257 240 4
257 241 4
257 243 4
257 248 4
257 257 4
257 258 4
257 282 4
257 285 4
257 288 4
257 304 4
257 318 4
257 357 4
257 366 4
257 370 4
257 372 4
257 373 4
257 378 4
257 380 4
257 385 4
257 393 4
257 395 4
257 401 4
257 402 4
257 403 4
257 405 4
257 410 4
257 411 4
257 412 4
257 417 4
257 425 4
257 428 4
257 436 4
257 443 4
257 448 4
257 450 4
257 452 4
257 453 4
257 455 4
257 456 4
257 458 4
257 462 4
257 469 4
257 470 4
257 471 4
257 472 4
257 473 4
257 474 4
257 476 4
257 483 4
257 500 4
257 507 4
257 509 4
257 527 4
257 529 4
257 531 4
257 540 4
257 546 4
257 549 4
257 553 4
257 554 4
257 559 4
257 566 4
257 568 4
257 582 4
257 584 4
257 588 4
257 597 4
257 623 4
257 628 4
257 629 4
257 631 4
257 632 4
257 636 4
257 640 4
257 651 4
257 655 4
257 658 4
257 664 4
257 673 4
257 679 4
257 692 4
257 699 4
257 704 4
257 708 4
257 709 4
257 717 4
257 720 4
257 722 4
257 727 4
257 729 4
257 732 4
257 739 4
257 742 4
257 744 4
257 747 4
257 755 4
257 756 4
257 758 4
257 769 4
257 770 4
257 775 4
257 783 4
257 792 4
257 819 4
257 825 4
257 841 4
257 845 4
257 871 4
257 931 4
257 934 4
257 948 4
257 949 4
257 980 4
258 8 4
258 9 4
258 12 4
258 13 4
258 14 4
258 20 4
258 23 4
258 25 4
258 28 4
258 32 4
258 48 4
258 50 4
258 57 4
258 58 4
258 86 4
258 96 4
258 98 4
258 117 4
258 124 4
258 126 4
258 127 4
258 129 4
258 134 4
258 143 4
258 144 4
258 147 4
258 152 4
258 174 4
258 178 4
258 179 4
258 180 4
258 181 4
258 182 4
258 183 4
258 187 4
258 189 4
258 190 4
258 191 4
258 192 4
258 193 4
258 195 4
258 203 4
258 208 4
258 209 4
258 237 4
258 238 4
258 245 4
258 250 4
258 255 4
258 273 4
258 278 4
258 282 4
258 283 4
258 284 4
258 285 4
258 286 4
258 287 4
258 288 4
258 289 4
258 293 4
258 298 4
258 301 4
258 304 4
258 317 4
258 318 4
258 319 4
258 321 4
258 330 4
258 333 4
258 346 4
258 357 4
258 387 4
258 405 4
258 408 4
258 410 4
258 423 4
258 425 4
258 427 4
258 430 4
258 461 4
258 467 4
258 469 4
258 473 4
258 474 4
258 496 4
258 509 4
258 517 4
258 521 4
258 526 4
258 529 4
258 530 4
258 546 4
258 582 4
258 588 4
258 589 4
258 591 4
258 596 4
258 597 4
258 603 4
258 632 4
258 644 4
258 648 4
258 651 4
258 654 4
258 663 4
258 685 4
258 694 4
258 696 4
258 704 4
258 709 4
258 717 4
258 736 4
258 742 4
258 744 4
258 750 4
258 753 4
258 792 4
258 844 4
258 847 4
258 896 4
258 925 4
258 939 4
258 952 4
258 956 4
258 980 4
259 1 4
259 3 3
259 7 3
259 8 3
259 15 3
259 16 3
259 19 3
259 22 3
259 25 3
259 79 3
259 100 4
259 108 3
259 111 3
259 117 4
259 120 3
259 121 3
259 123 3
259 134 3
259 147 3
259 148 3
259 164 3
259 172 3
259 174 3
259 181 3
259 194 3
259 216 3
259 220 3
259 222 3
259 225 3
259 230 3
259 245 3
259 249 3
259 250 3
259 252 3
259 255 3
259 258 3
259 260 3
259 264 3
259 274 3
259 278 3
259 282 3
259 286 3
259 289 3
259 291 3
259 295 3
259 300 3
259 301 3
259 323 3
259 328 3
259 332 3
259 333 3
259 336 3
259 357 3
259 358 3
259 411 3
259 472 3
259 473 3
259 523 3
259 546 3
259 568 3
259 596 3
259 597 3
259 651 3
259 676 3
259 678 3
259 685 3
259 742 3
259 815 3
259 825 3
259 832 3
259 846 3
259 864 3
259 866 3
259 873 3
259 879 3
259 934 3
259 969 3
259 978 3
259 989 3
260 7 3
260 10 3
260 14 3
260 20 3
260 117 3
260 127 3
260 129 3
260 146 3
260 149 3
260 221 3
260 224 3
260 242 3
260 248 3
260 250 3
260 253 3
260 257 3
260 258 3
260 273 3
260 275 3
260 276 3
260 279 3
260 285 3
260 286 3
260 289 3
260 293 3
260 297 3
260 303 3
260 307 3
260 311 3
260 313 3
260 322 3
260 327 3
260 458 3
260 515 3
260 532 3
260 591 3
260 676 3
260 713 3
260 847 3
261 9 4
261 50 4
261 121 4
261 158 4
261 242 4
261 259 3
261 269 3
261 302 3
261 304 3
261 321 3
261 682 3
262 11 3
262 22 3
262 100 3
262 136 3
262 237 3
262 271 3
262 272 3
262 288 3
262 289 3
262 292 3
262 300 3
262 313 3
262 315 3
262 330 3
262 332 3
262 678 3
262 682 3
262 866 3
262 895 3
263 3 3
263 7 3
263 13 3
263 14 3
263 15 3
263 20 3
263 21 3
263 24 3
263 50 3
263 93 3
263 100 3
263 103 3
263 112 3
263 116 3
263 117 3
263 121 3
263 124 3
263 126 3
263 127 3
263 137 3
263 147 3
263 149 3
263 150 3
263 151 3
263 221 3
263 224 3
263 225 3
263 235 3
263 242 3
263 243 3
263 244 3
263 248 3
263 249 3
263 250 3
263 257 3
263 258 3
263 268 3
263 270 3
263 274 3
263 282 3
263 283 3
263 285 3
263 288 3
263 301 3
263 304 3
263 306 3
263 310 3
263 311 3
263 319 3
263 347 3
263 362 3
263 410 3
263 455 3
263 472 3
263 473 3
263 475 3
263 477 3
263 508 3
263 544 3
263 593 3
263 596 3
263 597 3
263 689 3
263 741 3
263 744 3
263 751 3
263 813 3
263 819 3
263 845 3
263 864 3
263 870 3
263 887 3
263 926 3
263 930 3
263 950 3
263 952 3
263 988 3
263 993 3
264 16 4
264 116 4
264 176 4
264 181 5
264 194 5
264 258 5
264 260 4
264 264 4
264 269 4
264 286 4
264 289 4
264 293 4
264 294 4
264 298 4
264 300 4
264 301 4
264 302 4
264 321 4
264 322 4
264 326 4
264 328 4
264 358 4
264 603 4
264 678 4
264 709 4
264 748 4
264 879 4
265 1 3
265 7 3
265 8 3
265 12 3
265 28 3
265 32 3
265 50 3
265 56 3
265 64 3
265 87 3
265 97 3
265 100 3
265 109 3
265 114 3
265 132 3
265 134 3
265 136 3
265 143 3
265 154 3
265 169 3
265 172 3
265 174 3
265 175 3
265 180 3
265 181 3
265 190 3
265 191 3
265 194 3
265 198 3
265 199 3
265 202 3
265 216 3
265 257 3
265 258 3
265 283 3
265 286 3
265 300 3
265 318 3
265 319 3
265 395 3
265 404 3
265 428 3
265 474 3
265 477 3
265 478 3
265 481 3
265 496 3
265 511 3
265 525 3
265 529 3
265 584 3
265 588 3
265 603 3
265 615 3
265 638 3
265 656 3
265 705 3
265 855 3
266 2 2
266 11 2
266 22 3
266 24 3
266 27 2
266 50 3
266 55 3
266 56 3
266 62 3
266 68 3
266 79 3
266 82 3
266 87 3
266 95 3
266 96 3
266 98 3
266 117 3
266 127 3
266 128 3
266 144 3
266 172 3
266 174 3
266 176 3
266 181 3
266 182 3
266 183 3
266 184 3
266 187 3
266 188 3
266 210 3
266 231 3
266 232 3
266 258 3
266 265 3
266 268 3
266 273 3
266 288 3
266 292 3
266 294 3
266 302 3
266 306 3
266 308 3
266 313 3
266 315 3
266 324 3
266 326 3
266 328 3
266 331 3
266 333 3
266 334 3
266 344 3
266 346 3
266 349 3
266 350 3
266 354 3
266 385 3
266 405 3
266 455 3
266 518 3
266 546 3
266 550 3
266 566 3
266 568 3
266 651 3
266 682 3
266 748 3
266 873 3
266 882 3
266 885 3
266 898 3
266 902 3
266 908 3
266 995 3
267 1 4
267 7 4
267 10 3
267 50 4
267 93 3
267 100 4
267 108 3
267 117 4
267 124 4
267 150 4
267 246 4
267 248 4
267 257 4
267 268 4
267 269 4
267 273 4
267 276 4
267 288 3
267 298 3
267 327 3
267 340 3
267 455 3
267 475 3
267 742 3
267 762 3
267 919 3
268 1 3
268 4 3
268 7 3
268 8 3
268 12 3
268 13 3
268 15 3
268 19 3
268 22 3
268 25 3
268 31 3
268 39 3
268 42 3
268 47 3
268 51 3
268 56 3
268 58 3
268 69 3
268 70 3
268 71 3
268 95 3
268 96 3
268 97 3
268 98 3
268 100 3
268 111 3
268 116 3
268 118 3
268 121 3
268 126 3
268 132 3
268 137 3
268 144 3
268 150 3
268 153 3
268 157 3
268 159 3
268 160 3
268 170 3
268 172 3
268 173 3
268 178 3
268 180 3
268 181 3
268 182 3
268 191 3
268 192 3
268 195 3
268 200 3
268 209 3
268 214 3
268 216 3
268 222 3
268 238 3
268 246 3
268 249 3
268 251 3
268 257 3
268 258 3
268 273 3
268 275 3
268 283 3
268 285 3
268 293 3
268 294 3
268 297 3
268 318 3
268 357 3
268 367 3
268 372 3
268 405 3
268 411 3
268 423 3
268 427 3
268 428 3
268 435 3
268 462 3
268 469 3
268 471 3
268 475 3
268 498 3
268 507 3
268 529 3
268 544 3
268 582 3
268 603 3
268 612 3
268 642 3
268 655 3
268 662 3
268 692 3
268 699 3
268 724 3
268 742 3
268 856 3
268 926 3
268 952 3
269 10 4
269 64 5
269 65 5
269 127 5
269 134 5
269 136 5
269 173 5
269 194 5
269 199 5
269 215 5
269 286 5
269 306 5
269 474 5
269 483 5
269 484 5
269 490 5
269 495 5
269 499 5
269 511 5
269 513 5
269 520 5
269 530 5
269 610 5
269 611 5
269 641 5
269 654 5
269 656 5
269 855 5
269 923 5
270 1 4
270 7 4
270 9 4
270 13 4
270 19 4
270 50 4
270 93 4
270 100 4
270 118 4
270 125 4
270 137 4
270 150 4
270 181 4
270 221 4
270 235 4
270 246 4
270 248 4
270 268 4
270 276 4
270 283 4
270 285 4
270 286 4
270 288 4
270 293 4
270 294 4
270 295 4
270 360 4
270 458 4
270 471 4
270 475 4
270 508 4
270 544 4
270 546 4
270 824 4
270 847 4
270 919 4
270 950 4
271 1 4
271 8 4
271 50 5
271 99 5
271 140 4
271 225 4
271 404 4
271 418 4
271 465 4
271 477 4
271 501 4
271 588 4
271 596 4
271 768 4
271 878 4
271 932 4
271 969 4
272 1 4
272 2 4
272 3 3
272 4 3
272 7 3
272 11 3
272 12 4
272 21 3
272 24 3
272 27 3
272 28 3
272 29 3
272 33 3
272 38 3
272 41 3
272 43 3
272 49 3
272 51 3
272 56 3
272 63 3
272 64 3
272 66 3
272 68 3
272 69 3
272 71 3
272 72 3
272 73 3
272 78 3
272 79 3
272 80 3
272 82 3
272 88 3
272 90 3
272 94 3
272 97 3
272 99 3
272 101 3
272 109 3
272 117 3
272 118 3
272 120 3
272 121 3
272 122 3
272 123 3
272 132 3
272 135 3
272 141 3
272 151 3
272 161 3
272 168 3
272 172 3
272 173 3
272 174 3
272 175 3
272 177 3
272 181 3
272 183 3
272 185 3
272 186 3
272 193 3
272 195 3
272 196 3
272 204 3
272 210 3
272 215 3
272 217 3
272 218 3
272 226 3
272 228 3
272 229 3
272 232 3
272 233 3
272 234 3
272 239 3
272 240 3
272 250 3
272 254 3
272 255 3
272 258 3
272 260 3
272 271 3
272 288 3
272 313 3
272 318 3
272 323 3
272 343 3
272 355 3
272 362 3
272 365 3
272 368 3
272 370 3
272 373 3
272 374 3
272 375 3
272 378 3
272 380 3
272 384 3
272 386 3
272 391 3
272 392 3
272 393 3
272 395 3
272 400 3
272 401 3
272 404 3
272 411 3
272 417 3
272 418 3
272 431 3
272 443 3
272 449 3
272 455 3
272 465 3
272 473 3
272 475 3
272 477 3
272 485 3
272 496 3
272 501 3
272 540 3
272 541 3
272 546 3
272 548 3
272 552 3
272 559 3
272 561 3
272 562 3
272 567 3
272 568 3
272 569 3
272 576 3
272 577 3
272 578 3
272 584 3
272 588 3
272 597 3
272 609 3
272 625 3
272 633 3
272 655 3
272 658 3
272 665 3
272 672 3
272 682 3
272 685 3
272 689 3
272 715 3
272 720 3
272 739 3
272 742 3
272 746 3
272 747 3
272 748 3
272 751 3
272 755 3
272 756 3
272 760 3
272 763 3
272 768 3
272 771 3
272 780 3
272 790 3
272 796 3
272 810 3
272 826 3
272 834 3
272 877 3
272 890 3
272 895 3
272 924 3
272 928 3
272 930 3
272 931 3
272 940 3
272 946 3
272 951 3
272 977 3
273 7 5
273 10 4
273 14 5
273 25 5
273 124 5
273 129 5
273 137 5
273 242 5
273 256 5
273 257 5
273 268 5
273 275 5
273 276 5
273 303 5
273 319 5
273 321 5
273 327 5
273 508 5
273 547 5
273 813 5
274 7 4
274 8 4
274 11 4
274 12 5
274 13 4
274 14 5
274 15 5
274 22 5
274 23 5
274 26 5
274 42 5
274 44 5
274 45 5
274 48 5
274 50 5
274 52 5
274 58 5
274 60 5
274 61 5
274 64 5
274 66 5
274 68 5
274 69 5
274 70 5
274 71 5
274 72 5
274 73 5
274 76 5
274 77 5
274 79 5
274 83 5
274 86 5
274 87 5
274 88 5
274 89 5
274 92 5
274 97 5
274 98 5
274 99 5
274 107 5
274 116 5
274 117 5
274 121 5
274 131 5
274 132 5
274 134 5
274 135 5
274 136 5
274 141 5
274 150 5
274 161 5
274 168 5
274 170 5
274 171 5
274 172 5
274 173 5
274 175 5
274 176 5
274 178 5
274 179 5
274 180 5
274 182 5
274 183 5
274 191 5
274 192 5
274 193 5
274 194 5
274 195 5
274 196 5
274 198 5
274 199 5
274 203 5
274 205 5
274 207 5
274 208 5
274 209 5
274 210 5
274 211 5
274 212 5
274 215 5
274 216 5
274 218 5
274 221 5
274 227 5
274 230 5
274 234 5
274 237 5
274 238 5
274 244 5
274 248 5
274 252 5
274 257 5
274 258 5
274 265 5
274 274 5
274 275 5
274 276 5
274 282 5
274 283 5
274 285 5
274 286 5
274 288 5
274 289 5
274 291 5
274 293 5
274 298 5
274 302 5
274 315 5
274 316 5
274 317 5
274 322 5
274 326 5
274 346 5
274 356 5
274 380 5
274 382 5
274 385 5
274 410 5
274 414 5
274 416 5
274 418 5
274 419 5
274 430 5
274 434 5
274 435 5
274 436 5
274 461 5
274 463 5
274 470 5
274 474 5
274 475 5
274 478 5
274 480 5
274 481 5
274 483 5
274 484 5
274 486 5
274 488 5
274 489 5
274 490 5
274 491 5
274 493 5
274 495 5
274 497 5
274 498 5
274 499 5
274 503 5
274 506 5
274 507 5
274 508 5
274 510 5
274 511 5
274 513 5
274 514 5
274 517 5
274 518 5
274 519 5
274 520 5
274 521 5
274 525 5
274 526 5
274 527 5
274 528 5
274 529 5
274 530 5
274 553 5
274 566 5
274 584 5
274 591 5
274 601 5
274 602 5
274 603 5
274 604 5
274 605 5
274 607 5
274 610 5
274 614 5
274 615 5
274 617 5
274 618 5
274 628 5
274 633 5
274 641 5
274 642 5
274 646 5
274 648 5
274 649 5
274 651 5
274 653 5
274 657 5
274 659 5
274 660 5
274 661 5
274 664 5
274 676 5
274 684 5
274 685 5
274 692 5
274 696 5
274 697 5
274 699 5
274 705 5
274 707 5
274 708 5
274 709 5
274 735 5
274 736 5
274 744 5
274 756 5
274 789 5
274 792 5
274 836 5
274 848 5
274 921 5
274 923 5
274 939 5
274 943 5
274 945 5
274 963 5
274 966 5
274 971 5
274 996 5
275 70 4
275 127 5
275 259 4
275 286 4
275 313 4
275 316 5
275 902 4
276 4 4
276 26 4
276 42 4
276 56 4
276 63 4
276 67 4
276 72 4
276 73 4
276 80 4
276 83 4
276 85 4
276 168 4
276 186 4
276 194 4
276 202 4
276 204 4
276 208 4
276 209 4
276 211 4
276 216 4
276 232 4
276 238 4
276 239 4
276 288 4
276 294 4
276 300 4
276 328 4
276 343 4
276 367 4
276 386 4
276 435 4
276 579 4
276 585 4
276 648 4
276 655 4
276 692 4
276 710 4
276 715 4
276 734 4
276 738 4
276 748 4
276 765 4
276 781 4
276 790 4
276 792 4
276 890 4
276 944 4
276 999 4
277 15 5
277 20 4
277 36 4
277 49 4
277 88 4
277 255 4
277 280 4
277 282 4
277 289 4
277 294 4
277 369 4
277 553 4
277 709 4
277 722 4
277 724 4
277 732 4
277 756 4
277 778 4
277 781 4
277 815 4
278 1 4
278 7 4
278 17 4
278 23 4
278 26 4
278 28 4
278 40 4
278 41 4
278 42 4
278 48 4
278 50 4
278 69 4
278 72 4
278 77 4
278 79 4
278 81 4
278 93 4
278 111 4
278 122 4
278 134 4
278 137 4
278 143 4
278 145 4
278 151 4
278 160 4
278 161 4
278 168 4
278 188 4
278 196 4
278 216 4
278 219 4
278 222 4
278 231 4
278 237 4
278 238 4
278 255 4
278 276 4
278 282 4
278 288 4
278 300 4
278 318 4
278 327 4
278 340 4
278 350 4
278 354 4
278 357 4
278 367 4
278 369 4
278 381 4
278 392 4
278 403 4
278 410 4
278 412 4
278 427 4
278 447 4
278 451 4
278 467 4
278 469 4
278 496 4
278 518 4
278 591 4
278 604 4
278 616 4
278 655 4
278 673 4
278 684 4
278 739 4
278 743 4
278 763 4
278 843 4
278 866 4
278 959 4
278 975 4
279 1 2
279 8 2
279 24 2
279 28 2
279 31 2
279 50 2
279 54 2
279 55 2
279 58 2
279 66 2
279 70 2
279 71 2
279 79 2
279 82 2
279 88 2
279 89 2
279 95 2
279 96 2
279 97 2
279 100 2
279 101 2
279 108 2
279 111 2
279 117 2
279 118 2
279 121 2
279 122 2
279 127 2
279 133 2
279 135 2
279 144 2
279 147 2
279 153 2
279 161 2
279 164 2
279 168 2
279 172 2
279 173 2
279 174 2
279 175 2
279 176 2
279 177 2
279 179 2
279 180 2
279 181 2
279 182 2
279 183 2
279 185 2
279 187 2
279 188 2
279 189 2
279 190 2
279 195 2
279 197 2
279 198 2
279 201 2
279 204 2
279 209 2
279 210 2
279 211 2
279 213 2
279 215 2
279 216 2
279 226 2
279 228 2
279 230 2
279 241 2
279 248 2
279 249 2
279 255 2
279 257 2
279 258 2
279 261 2
279 264 2
279 265 2
279 266 2
279 270 2
279 272 2
279 274 2
279 281 2
279 282 2
279 283 2
279 286 2
279 288 2
279 294 2
279 295 2
279 298 2
279 300 2
279 304 2
279 318 2
279 324 2
279 328 2
279 356 2
279 358 2
279 380 2
279 385 2
279 398 2
279 421 2
279 422 2
279 423 2
279 436 2
279 463 2
279 472 2
279 479 2
279 483 2
279 489 2
279 500 2
279 510 2
279 511 2
279 523 2
279 526 2
279 528 2
279 535 2
279 546 2
279 566 2
279 602 2
279 604 2
279 616 2
279 629 2
279 632 2
279 640 2
279 651 2
279 655 2
279 680 2
279 688 2
279 692 2
279 727 2
279 732 2
279 739 2
279 748 2
279 751 2
279 752 2
279 840 2
279 879 2
279 931 2
279 945 2
280 8 4
280 12 4
280 64 4
280 89 4
280 96 4
280 100 4
280 114 4
280 165 4
280 166 4
280 172 4
280 174 4
280 175 4
280 183 4
280 190 4
280 203 4
280 213 4
280 234 4
280 237 4
280 257 4
280 258 4
280 265 4
280 272 4
280 294 4
280 298 4
280 319 4
280 347 4
280 479 4
280 483 4
280 504 4
280 510 4
280 511 4
280 517 4
280 615 4
280 642 4
280 661 4
280 705 4
280 863 4
281 4 3
281 42 3
281 50 3
281 66 3
281 70 3
281 86 3
281 98 3
281 100 4
281 153 4
281 163 3
281 173 4
281 197 4
281 204 4
281 207 4
281 210 4
281 216 4
281 238 4
281 283 4
281 313 4
281 322 4
281 427 4
281 435 4
281 479 4
281 484 4
281 505 4
281 514 4
281 524 4
281 596 4
281 648 4
281 650 4
281 659 4
281 678 4
281 692 4
281 780 3
282 127 4
282 257 4
282 269 4
282 288 4
282 289 4
282 311 4
282 315 4
282 321 4
282 346 4
282 748 4
282 876 3
282 988 3
283 1 3
283 12 3
283 20 3
283 99 3
283 107 3
283 109 3
283 116 3
283 121 3
283 151 3
283 180 3
283 181 3
283 195 3
283 197 3
283 199 3
283 229 3
283 230 3
283 237 3
283 249 3
283 250 3
283 257 3
283 271 3
283 274 3
283 275 3
283 277 3
283 286 3
283 290 3
283 313 3
283 365 3
283 380 3
283 405 3
283 432 3
283 449 3
283 462 3
283 480 3
283 538 3
283 582 3
283 743 3
283 900 3
284 1 4
284 7 4
284 9 4
284 15 4
284 24 4
284 25 4
284 28 4
284 29 4
284 50 4
284 51 4
284 53 4
284 56 4
284 69 4
284 70 4
284 71 4
284 73 4
284 79 4
284 82 4
284 94 4
284 96 4
284 97 4
284 98 4
284 111 4
284 122 4
284 135 4
284 136 4
284 143 4
284 144 4
284 150 4
284 151 4
284 168 4
284 174 4
284 181 4
284 195 4
284 202 4
284 204 4
284 216 4
284 222 4
284 227 4
284 228 4
284 229 4
284 230 4
284 234 4
284 235 4
284 237 4
284 239 4
284 248 4
284 250 4
284 252 4
284 257 4
284 258 4
284 265 4
284 274 4
284 275 4
284 293 4
284 294 4
284 300 4
284 313 4
284 315 4
284 318 4
284 343 4
284 385 4
284 392 4
284 399 4
284 405 4
284 419 4
284 427 4
284 431 4
284 449 4
284 463 4
284 472 4
284 510 4
284 550 4
284 554 4
284 560 4
284 562 4
284 568 4
284 578 4
284 588 4
284 597 4
284 625 4
284 651 4
284 655 4
284 665 4
284 679 4
284 692 4
284 699 4
284 746 4
284 755 4
284 778 4
284 823 4
284 829 4
284 849 4
284 879 4
284 924 4
284 926 4
285 245 2
285 288 3
285 289 3
285 294 3
285 303 3
285 319 3
285 321 3
285 326 3
285 328 3
285 347 3
285 538 3
286 1 4
286 3 4
286 6 4
286 7 4
286 10 4
286 13 4
286 14 4
286 15 4
286 20 4
286 93 4
286 109 4
286 111 4
286 117 4
286 121 4
286 123 4
286 124 4
286 125 4
286 127 4
286 129 4
286 137 4
286 146 4
286 147 4
286 150 4
286 151 4
286 181 4
286 220 4
286 221 4
286 235 4
286 236 4
286 237 4
286 245 4
286 248 4
286 250 4
286 255 4
286 257 4
286 258 4
286 262 4
286 264 4
286 270 4
286 273 4
286 275 4
286 276 4
286 277 4
286 280 4
286 282 4
286 284 4
286 286 4
286 295 4
286 298 4
286 299 4
286 300 4
286 305 4
286 321 4
286 322 4
286 327 4
286 331 4
286 332 4
286 333 4
286 336 4
286 460 4
286 471 4
286 475 4
286 476 4
286 508 4
286 591 4
286 595 4
286 597 4
286 620 4
286 628 4
286 678 4
286 689 4
286 690 4
286 696 4
286 717 4
286 718 4
286 742 4
286 748 4
286 762 4
286 766 4
286 818 4
286 823 4
286 845 4
286 846 4
286 864 4
286 872 4
286 879 4
286 880 4
286 882 4
286 886 4
286 924 4
286 935 4
286 936 4
286 975 4
286 994 4
286 995 4
287 1 5
287 2 5
287 3 4
287 4 4
287 12 5
287 17 4
287 25 5
287 28 5
287 31 5
287 38 4
287 42 4
287 43 4
287 45 4
287 48 4
287 49 4
287 50 5
287 55 5
287 56 5
287 58 5
287 66 5
287 68 5
287 69 5
287 71 5
287 73 5
287 76 5
287 77 5
287 79 5
287 81 5
287 87 5
287 88 5
287 92 5
287 95 5
287 96 5
287 97 5
287 99 5
287 100 5
287 111 5
287 117 5
287 121 5
287 125 5
287 133 5
287 136 5
287 140 5
287 143 5
287 144 5
287 150 5
287 160 5
287 161 5
287 172 5
287 174 5
287 176 5
287 179 5
287 181 5
287 188 5
287 191 5
287 194 5
287 195 5
287 202 5
287 206 5
287 215 5
287 216 5
287 218 5
287 222 5
287 226 5
287 227 5
287 230 5
287 232 5
287 237 5
287 239 5
287 249 5
287 252 5
287 255 5
287 257 5
287 258 5
287 259 5
287 260 5
287 265 5
287 270 5
287 272 5
287 273 5
287 276 5
287 280 5
287 282 5
287 286 5
287 288 5
287 289 5
287 293 5
287 294 5
287 298 5
287 300 5
287 333 5
287 347 5
287 356 5
287 366 5
287 367 5
287 378 5
287 402 5
287 403 5
287 404 5
287 411 5
287 412 5
287 419 5
287 423 5
287 432 5
287 455 5
287 462 5
287 470 5
287 471 5
287 474 5
287 501 5
287 540 5
287 541 5
287 546 5
287 549 5
287 550 5
287 566 5
287 572 5
287 578 5
287 586 5
287 588 5
287 591 5
287 596 5
287 597 5
287 620 5
287 627 5
287 628 5
287 651 5
287 652 5
287 658 5
287 672 5
287 679 5
287 684 5
287 685 5
287 686 5
287 692 5
287 710 5
287 713 5
287 727 5
287 732 5
287 735 5
287 739 5
287 742 5
287 747 5
287 748 5
287 768 5
287 772 5
287 779 5
287 781 5
287 790 5
287 794 5
287 820 5
287 823 5
287 833 5
287 845 5
287 921 5
287 932 5
287 939 5
287 941 5
287 955 5
287 956 5
287 978 5
288 8 3
288 9 3
288 11 3
288 22 3
288 33 3
288 50 3
288 58 3
288 64 3
288 69 3
288 70 3
288 83 3
288 87 3
288 96 3
288 98 3
288 111 3
288 133 3
288 135 3
288 154 3
288 164 3
288 168 3
288 172 3
288 173 3
288 176 3
288 180 3
288 181 3
288 182 3
288 183 3
288 185 3
288 186 3
288 187 3
288 190 3
288 196 3
288 198 3
288 199 3
288 203 3
288 207 3
288 208 3
288 210 3
288 211 3
288 222 3
288 228 3
288 230 3
288 238 3
288 243 3
288 245 3
288 258 3
288 259 3
288 260 3
288 265 3
288 269 3
288 289 3
288 292 3
288 299 3
288 304 3
288 318 3
288 328 3
288 333 3
288 357 3
288 358 3
288 385 3
288 405 3
288 414 3
288 419 3
288 429 3
288 468 3
288 474 3
288 480 3
288 483 3
288 485 3
288 491 3
288 493 3
288 496 3
288 498 3
288 500 3
288 510 3
288 511 3
288 514 3
288 515 3
288 520 3
288 521 3
288 523 3
288 526 3
288 527 3
288 568 3
288 605 3
288 612 3
288 655 3
288 659 3
288 662 3
288 692 3
288 707 3
288 724 3
288 732 3
288 748 3
288 776 3
288 845 3
288 880 3
288 890 3
289 243 3
289 258 4
289 259 4
289 260 3
289 261 3
289 263 3
289 264 3
289 266 3
289 268 4
289 270 4
289 271 4
289 272 4
289 288 4
289 289 4
289 292 4
289 294 4
289 301 4
289 302 4
289 303 4
289 304 4
289 308 4
289 310 4
289 313 4
289 315 4
289 316 4
289 321 4
289 324 4
289 325 4
289 326 4
289 327 4
289 330 4
289 331 4
289 333 4
289 334 4
289 339 4
289 340 4
289 342 4
289 343 4
289 349 4
289 353 4
289 355 4
289 358 4
289 457 4
289 538 4
289 539 4
289 678 4
289 680 4
289 681 4
289 682 4
289 687 4
289 689 4
289 750 4
289 751 4
289 752 4
289 872 4
289 873 4
289 874 4
289 875 4
289 878 4
289 881 4
289 883 4
289 887 4
289 892 4
289 902 4
289 908 4
289 948 4
289 988 4
289 989 4
289 991 4
290 7 3
290 9 3
290 50 3
290 93 3
290 117 3
290 123 3
290 126 3
290 127 3
290 137 3
290 150 3
290 151 3
290 181 3
290 224 3
290 237 3
290 246 3
290 257 3
290 258 3
290 273 3
290 277 3
290 284 3
290 286 3
290 292 3
290 293 3
290 298 3
290 302 3
290 333 3
290 410 3
290 473 3
290 475 3
290 515 3
290 596 3
290 741 3
290 764 3
290 919 3
290 926 3
290 993 3
291 7 3
291 19 3
291 45 3
291 100 3
291 129 3
291 236 3
291 258 3
291 273 3
291 285 3
291 286 3
291 340 3
291 475 3
291 657 3
291 696 3
291 900 3
292 45 4
292 56 4
292 64 4
292 69 4
292 83 4
292 86 4
292 97 4
292 124 4
292 127 4
292 131 4
292 134 4
292 137 4
292 185 4
292 186 4
292 187 4
292 193 4
292 205 4
292 212 4
292 221 4
292 242 4
292 285 4
292 286 4
292 291 4
292 318 4
292 479 4
292 483 4
292 492 4
292 511 4
292 523 4
292 527 4
292 654 4
292 657 4
292 772 4
292 923 4
293 1 5
293 7 5
293 11 4
293 12 5
293 22 5
293 24 5
293 48 5
293 50 5
293 56 5
293 59 5
293 60 5
293 61 5
293 65 5
293 71 5
293 79 5
293 82 5
293 91 5
293 95 5
293 96 5
293 98 5
293 100 5
293 115 5
293 117 5
293 118 5
293 121 5
293 124 5
293 127 5
293 150 5
293 151 5
293 156 5
293 168 5
293 171 5
293 172 5
293 173 5
293 174 5
293 175 5
293 176 5
293 180 5
293 181 5
293 182 5
293 183 5
293 188 5
293 191 5
293 192 5
293 195 5
293 196 5
293 201 5
293 209 5
293 210 5
293 222 5
293 234 5
293 235 5
293 238 5
293 239 5
293 250 5
293 252 5
293 257 5
293 258 5
293 260 5
293 264 5
293 265 5
293 271 5
293 273 5
293 275 5
293 288 5
293 298 5
293 300 5
293 318 5
293 323 5
293 327 5
293 328 5
293 343 5
293 357 5
293 369 5
293 404 5
293 405 5
293 410 5
293 411 5
293 423 5
293 431 5
293 455 5
293 462 5
293 475 5
293 483 5
293 528 5
293 546 5
293 550 5
293 647 5
293 652 5
293 684 5
293 687 5
293 693 5
293 742 5
293 746 5
293 751 5
293 754 5
293 762 5
293 763 5
293 876 5
293 879 5
293 886 5
293 890 5
293 925 5
294 1 3
294 9 4
294 15 4
294 50 4
294 64 4
294 65 4
294 86 4
294 98 4
294 100 4
294 107 4
294 126 4
294 174 4
294 191 4
294 194 4
294 199 4
294 222 4
294 237 3
294 286 3
294 294 3
294 322 3
294 427 3
294 479 3
294 507 3
294 528 3
294 924 3
295 2 3
295 4 4
295 11 4
295 29 4
295 44 4
295 50 4
295 53 4
295 54 4
295 56 4
295 62 4
295 64 4
295 68 4
295 69 4
295 71 4
295 79 4
295 84 4
295 86 4
295 88 4
295 89 4
295 90 4
295 91 4
295 94 4
295 95 4
295 98 4
295 101 4
295 109 4
295 120 4
295 121 4
295 127 4
295 132 4
295 133 4
295 139 4
295 140 4
295 143 4
295 144 4
295 145 4
295 147 4
295 151 4
295 153 4
295 155 4
295 157 4
295 158 4
295 161 4
295 162 4
295 163 4
295 167 4
295 168 4
295 172 4
295 173 4
295 174 4
295 176 4
295 179 4
295 181 4
295 184 4
295 186 4
295 188 4
295 195 4
295 200 4
295 201 4
295 202 4
295 204 4
295 214 4
295 216 4
295 217 4
295 222 4
295 226 4
295 227 4
295 228 4
295 229 4
295 230 4
295 231 4
295 232 4
295 234 4
295 235 4
295 265 4
295 282 4
295 288 4
295 357 4
295 379 4
295 380 4
295 385 4
295 386 4
295 389 4
295 391 4
295 392 4
295 395 4
295 402 4
295 403 4
295 404 4
295 413 4
295 416 4
295 417 4
295 421 4
295 423 4
295 433 4
295 435 4
295 444 4
295 447 4
295 449 4
295 451 4
295 452 4
295 465 4
295 472 4
295 478 4
295 479 4
295 496 4
295 501 4
295 504 4
295 505 4
295 507 4
295 523 4
295 559 4
295 566 4
295 575 4
295 581 4
295 616 4
295 622 4
295 629 4
295 642 4
295 650 4
295 658 4
295 660 4
295 665 4
295 671 4
295 674 4
295 679 4
295 684 4
295 705 4
295 732 4
295 742 4
295 768 4
295 770 4
295 790 4
295 796 4
295 797 4
295 831 4
295 843 4
295 924 4
295 944 4
296 7 5
296 10 5
296 11 5
296 17 5
296 33 5
296 38 5
296 39 4
296 50 5
296 53 5
296 56 5
296 64 5
296 77 5
296 89 5
296 96 5
296 97 5
296 98 5
296 99 5
296 109 5
296 132 5
296 133 5
296 135 5
296 136 5
296 141 5
296 142 5
296 143 5
296 147 5
296 150 5
296 154 5
296 156 5
296 158 5
296 164 5
296 172 5
296 173 5
296 181 5
296 183 5
296 191 5
296 204 5
296 222 5
296 227 5
296 228 5
296 229 5
296 246 5
296 268 5
296 288 5
296 318 5
296 356 5
296 378 5
296 380 5
296 393 5
296 417 5
296 418 5
296 420 5
296 421 5
296 432 5
296 433 5
296 469 5
296 480 5
296 484 5
296 485 5
296 509 5
296 526 5
296 528 5
296 554 5
296 607 5
296 625 5
296 633 5
296 659 5
296 727 5
296 743 5
296 746 5
296 774 5
296 825 5
296 921 5
297 1 4
297 2 4
297 3 3
297 11 3
297 12 4
297 13 4
297 19 3
297 24 3
297 25 3
297 28 3
297 31 3
297 38 3
297 39 3
297 54 3
297 56 3
297 66 3
297 67 3
297 70 3
297 71 3
297 72 3
297 77 3
297 79 3
297 80 3
297 82 3
297 87 3
297 89 3
297 94 3
297 95 3
297 96 3
297 97 3
297 98 4
297 99 4
297 100 4
297 101 4
297 105 3
297 108 3
297 109 3
297 114 3
297 118 3
297 122 3
297 127 3
297 139 3
297 145 3
297 152 3
297 153 3
297 155 3
297 161 3
297 163 3
297 164 3
297 167 3
297 168 3
297 173 3
297 174 3
297 175 3
297 181 3
297 183 3
297 186 4
297 187 4
297 188 4
297 189 4
297 194 4
297 195 4
297 202 4
297 204 4
297 208 4
297 217 4
297 222 4
297 225 4
297 227 4
297 228 4
297 229 4
297 230 4
297 233 4
297 234 4
297 240 4
297 242 4
297 248 4
297 250 4
297 252 4
297 257 4
297 258 4
297 260 4
297 273 4
297 274 4
297 288 4
297 291 4
297 298 4
297 325 3
297 358 3
297 363 3
297 364 3
297 373 3
297 381 3
297 382 3
297 384 3
297 385 3
297 386 3
297 393 3
297 395 3
297 399 3
297 403 3
297 405 3
297 407 3
297 408 3
297 412 3
297 418 3
297 420 3
297 423 3
297 431 3
297 432 3
297 451 3
297 452 3
297 455 3
297 465 3
297 472 3
297 475 3
297 501 3
297 508 3
297 510 3
297 526 3
297 540 3
297 545 3
297 549 3
297 550 3
297 552 3
297 562 3
297 566 3
297 568 3
297 570 3
297 575 3
297 577 3
297 578 3
297 590 3
297 597 3
297 603 3
297 625 3
297 627 3
297 645 3
297 651 3
297 652 3
297 655 3
297 657 3
297 679 3
297 692 3
297 716 3
297 720 3
297 721 3
297 722 3
297 724 3
297 731 3
297 741 3
297 746 3
297 748 3
297 758 3
297 765 3
297 771 3
297 780 3
297 781 3
297 783 3
297 790 3
297 792 3
297 797 3
297 802 3
297 808 3
297 809 3
297 810 3
297 840 3
297 849 3
297 864 3
297 940 3
297 943 3
297 1000 3
298 12 4
298 23 3
298 32 3
298 50 4
298 53 3
298 54 3
298 56 3
298 59 3
298 61 3
298 79 3
298 83 3
298 89 3
298 98 3
298 121 3
298 124 3
298 127 3
298 136 3
298 137 3
298 144 3
298 150 3
298 151 3
298 156 3
298 160 3
298 164 3
298 168 3
298 171 3
298 172 3
298 175 3
298 176 3
298 182 3
298 183 3
298 186 3
298 187 3
298 191 3
298 192 3
298 197 3
298 202 3
298 203 3
298 204 3
298 210 3
298 212 3
298 218 3
298 222 3
298 228 3
298 258 3
298 262 3
298 271 3
298 275 3
298 288 3
298 293 3
298 302 3
298 340 3
298 381 3
298 425 3
298 435 3
298 443 3
298 447 3
298 448 3
298 449 3
298 464 3
298 474 3
298 475 3
298 483 3
298 484 3
298 486 3
298 489 3
298 512 3
298 514 3
298 515 3
298 522 3
298 525 3
298 538 3
298 548 3
298 558 3
298 591 3
298 594 3
298 603 3
298 607 3
298 628 3
298 631 3
298 649 3
298 652 3
298 656 3
298 664 3
298 675 3
298 754 3
298 772 3
298 806 3
298 887 3
298 919 3
298 922 3
298 933 3
298 985 3
299 7 4
299 8 4
299 11 4
299 12 4
299 50 4
299 69 4
299 87 5
299 97 5
299 117 5
299 127 5
299 132 5
299 136 5
299 153 5
299 176 5
299 177 5
299 181 5
299 182 5
299 183 5
299 191 5
299 193 5
299 194 5
299 198 5
299 202 5
299 207 5
299 210 5
299 213 5
299 215 5
299 238 5
299 251 5
299 271 5
299 272 5
299 275 5
299 295 5
299 300 5
299 301 5
299 307 4
299 312 4
299 313 4
299 326 4
299 347 4
299 357 4
299 414 4
299 425 4
299 427 4
299 463 4
299 474 4
299 482 4
299 483 4
299 484 4
299 486 4
299 497 4
299 511 4
299 514 4
299 516 4
299 520 4
299 521 4
299 530 4
299 539 4
299 605 4
299 651 4
299 657 4
299 661 4
299 663 4
299 664 4
299 692 4
299 742 4
299 879 4
299 887 4
299 902 4
300 1 4
300 3 4
300 8 4
300 9 4
300 15 4
300 25 4
300 28 4
300 30 4
300 39 4
300 43 4
300 44 4
300 45 4
300 50 4
300 56 4
300 58 4
300 59 4
300 61 4
300 62 4
300 69 4
300 70 4
300 72 4
300 77 4
300 83 4
300 88 4
300 89 4
300 94 4
300 97 4
300 98 4
300 100 4
300 111 4
300 116 4
300 118 4
300 120 4
300 125 4
300 133 4
300 135 4
300 143 4
300 147 4
300 159 4
300 164 4
300 172 4
300 175 4
300 179 4
300 181 4
300 202 4
300 204 4
300 208 4
300 210 4
300 211 4
300 216 4
300 217 4
300 223 4
300 234 4
300 235 4
300 237 4
300 238 4
300 244 4
300 245 4
300 246 4
300 250 4
300 252 4
300 255 4
300 257 4
300 258 4
300 268 4
300 274 4
300 275 4
300 276 4
300 281 4
300 282 4
300 283 4
300 284 4
300 285 4
300 287 4
300 294 4
300 298 4
300 300 4
300 301 4
300 304 4
300 316 4
300 319 4
300 325 4
300 381 4
300 386 4
300 387 4
300 393 4
300 396 4
300 405 4
300 412 4
300 421 4
300 448 4
300 464 4
300 469 4
300 471 4
300 472 4
300 475 4
300 476 4
300 479 4
300 498 4
300 514 4
300 517 4
300 522 4
300 529 4
300 531 4
300 535 4
300 553 4
300 559 4
300 568 4
300 569 4
300 584 4
300 611 4
300 619 4
300 639 4
300 640 4
300 660 4
300 662 4
300 665 4
300 699 4
300 708 4
300 709 4
300 714 4
300 721 4
300 729 4
300 735 4
300 739 4
300 742 4
300 762 4
300 768 4
300 775 4
300 780 4
300 781 4
300 815 4
300 821 4
300 827 4
300 836 4
300 845 4
300 930 4
300 964 4
300 971 4
300 988 4
300 996 4
